1.940010728045415433e+01 -5.807001580690268616e-01 -8.809939807800243328e-02 -7.321794803817721631e-01 -6.677506577739584781e-01 -1.217328461441349763e+00 -1.679770204381331622e+00 -6.056342933236350534e-01 -2.656780372305082155e-02 -1.729590084850392839e-01 -4.015042438694806370e-01 -2.940998552585578074e-01 -6.840720347506159538e-01 -4.606759517704533402e-01 -6.837804801689733036e-01 -2.817985329863361699e-01 -1.957369216458681560e+00 -2.784382861357055372e-01 -2.757202936079626299e-01 -2.109034371266820251e+00
-5.807001580690267506e-01 1.146065727374058163e+01 -3.812151070693466787e-02 -4.879782728741159925e-01 -6.026994572910041592e-01 -9.920965379682131768e-01 -1.503544422253894508e+00 -2.244004195323782425e-01 -1.897843865973794855e-02 -3.594745978314405066e-02 -2.868104470860037281e-01 -1.428876932558539592e-01 -4.559159317945264966e-01 -3.290791509840310658e-01 -2.533552480588712741e-01 -2.071135740934280933e-01 -1.642599245754911896e+00 -2.631828941831901858e-01 -2.125852213615267716e-01 -1.834396092281884494e+00
-8.809939807800243328e-02 -3.812151070693466787e-02 -1.491530399670424245e+01 3.495476948206306944e-01 -7.618153395216669191e-03 2.068928757966388421e-01 6.891368779438202495e-03 6.602132929122246363e-01 1.005085157826897738e-02 2.467991673696066368e-01 1.518928551732714183e-01 2.503843240279831628e-01 3.265808578979250143e-01 1.742780722557570050e-01 7.454019156742537344e-01 9.457096465451582390e-02 2.345653550393906606e-01 -2.775035568123576310e-02 7.195440827342526602e-02 1.191614678487258466e-01
-7.321794803817721631e-01 -4.879782728741159925e-01 3.495476948206308054e-01 -7.753842205694890133e+00 -3.915745199290933676e-01 3.197352223919912584e-01 -8.630530835235850073e-01 2.767987940862908225e+00 3.289248573132960013e-02 1.063204001977045454e+00 4.970855984262986804e-01 1.015420028758099447e+00 1.164279689354511760e+00 5.703436132068917530e-01 3.125146881822561618e+00 2.925359968773333375e-01 5.484336917566128705e-02 -2.783205533167337209e-01 1.898962261430853504e-01 -5.662575116218092619e-01
-6.677506577739584781e-01 -6.026994572910042702e-01 -7.618153395216669191e-03 -3.915745199290933676e-01 7.340504010422485237e+00 -9.977518907568030393e-01 -1.634867797690015667e+00 1.986467750838680907e-02 -1.664763195975068819e-02 5.963798128953812921e-02 -2.515862790877903543e-01 -5.540378453403313475e-02 -3.658463338315908198e-01 -2.886638194759180709e-01 2.242785600951465938e-02 -1.877276158027625930e-01 -1.695187619415031710e+00 -2.977609925374773980e-01 -2.027403813083416828e-01 -1.950283350261854842e+00
-1.217328461441349763e+00 -9.920965379682131768e-01 2.068928757966388421e-01 3.197352223919910363e-01 -9.977518907568030393e-01 -1.946815592430620523e+00 -2.406987721405902114e+00 1.730286748952726050e+00 1.201944854371853793e-03 7.242493019319069525e-01 1.816431515973153041e-02 5.628620166381734791e-01 2.987271973930274438e-01 2.084128200943240888e-02 1.953549059344085848e+00 -3.479540880364355437e-02 -1.909922677710164773e+00 -5.131115900237370742e-01 -1.153256663248217184e-01 -2.585566413956353671e+00
-1.679770204381331400e+00 -1.503544422253894508e+00 6.891368779438244128e-03 -8.630530835235852294e-01 -1.634867797690015667e+00 -2.406987721405902114e+00 2.955055870416067876e+00 2.498958317337192647e-01 -3.815472329158325210e-02 2.226643181076349010e-01 -5.766108288411149196e-01 -6.102624927432637181e-02 -8.063466605700718715e-01 -6.615888784076731088e-01 2.821403835594839538e-01 -4.359589969710939150e-01 -4.125044324706439447e+00 -7.455303226051164245e-01 -4.799984127555909641e-01 -4.791607691991560003e+00
-6.056342933236350534e-01 -2.244004195323781869e-01 6.602132929122246363e-01 2.767987940862908225e+00 1.986467750838669805e-02 1.730286748952726050e+00 2.498958317337192647e-01 -1.086308855949389951e+01 8.023720917666533892e-02 1.913998881814705788e+00 1.212579720043753140e+00 1.955716547499233737e+00 2.586118832344152629e+00 1.391283716568374240e+00 5.799737250839192448e+00 7.587034629189779444e-01 2.029418503302014898e+00 -1.802734310279060503e-01 5.844516317613202006e-01 1.161702408469234449e+00
-2.656780372305082155e-02 -1.897843865973794508e-02 1.005085157826897564e-02 3.289248573132959319e-02 -1.664763195975069165e-02 1.201944854371853793e-03 -3.815472329158325210e-02 8.023720917666533892e-02 -6.999182711397996748e+00 3.123918323440097802e-02 1.235122201258693868e-02 2.892887906080381794e-02 3.073130324617110928e-02 1.417148397073062470e-02 9.059037446038478714e-02 6.948754814178705053e-03 -1.208682206273732629e-02 -1.045346909351071475e-02 3.858326708984011720e-03 -3.211267423542790017e-02
-1.729590084850393117e-01 -3.594745978314405066e-02 2.467991673696065813e-01 1.063204001977045454e+00 5.963798128953810146e-02 7.242493019319067304e-01 2.226643181076347899e-01 1.913998881814705788e+00 3.123918323440097802e-02 -1.729098634472107676e+01 4.721001696028798711e-01 7.336813275256368616e-01 9.933467742201723683e-01 5.416759555684756977e-01 2.160965930888551156e+00 2.977906966300946090e-01 8.910316749204600928e-01 -4.364268907126388902e-02 2.340005558853070211e-01 5.876602513325618338e-01
-4.015042438694806370e-01 -2.868104470860037281e-01 1.518928551732713905e-01 4.970855984262985694e-01 -2.515862790877903543e-01 1.816431515973147490e-02 -5.766108288411149196e-01 1.212579720043753140e+00 1.235122201258693868e-02 4.721001696028798711e-01 -6.813342942957485882e+00 4.371858447306349871e-01 4.644248655854179564e-01 2.141656501037745020e-01 1.369041271861413334e+00 1.050126151406563235e-01 -1.826613296180674140e-01 -1.579773867631178719e-01 5.830871697339373716e-02 -4.853007467958611598e-01
-2.940998552585577519e-01 -1.428876932558540147e-01 2.503843240279831628e-01 1.015420028758099447e+00 -5.540378453403316250e-02 5.628620166381734791e-01 -6.102624927432637181e-02 1.955716547499233737e+00 2.892887906080381794e-02 7.336813275256368616e-01 4.371858447306349871e-01 -1.326143394360346051e+01 9.487024203913687614e-01 5.016161303324243592e-01 2.208066509220648843e+00 2.706506910570299906e-01 6.100552942603625350e-01 -9.699284030298604975e-02 2.029409413299393949e-01 2.556672600391233785e-01
-6.840720347506159538e-01 -4.559159317945264966e-01 3.265808578979250143e-01 1.164279689354511760e+00 -3.658463338315908753e-01 2.987271973930274438e-01 -8.063466605700718715e-01 2.586118832344152629e+00 3.073130324617110928e-02 9.933467742201723683e-01 4.644248655854178454e-01 9.487024203913685394e-01 -7.912218660238511170e+00 5.328695032398638176e-01 2.919810843685757273e+00 2.733150818667209880e-01 5.123991609954951093e-02 -2.600336561207938213e-01 1.774192001958724840e-01 -5.290518766873585355e-01
-4.606759517704533402e-01 -3.290791509840310658e-01 1.742780722557569495e-01 5.703436132068917530e-01 -2.886638194759180709e-01 2.084128200943243664e-02 -6.615888784076729978e-01 1.391283716568374240e+00 1.417148397073062470e-02 5.416759555684756977e-01 2.141656501037745575e-01 5.016161303324242482e-01 5.328695032398638176e-01 -6.754271676564975735e+00 1.570803797363618415e+00 1.204888545176930476e-01 -2.095810521515036051e-01 -1.812593119911485029e-01 6.690196703615454432e-02 -5.568219684815366444e-01
-6.837804801689735257e-01 -2.533552480588712741e-01 7.454019156742536234e-01 3.125146881822561618e+00 2.242785600951465938e-02 1.953549059344085848e+00 2.821403835594839538e-01 5.799737250839192448e+00 9.059037446038478714e-02 2.160965930888551600e+00 1.369041271861413334e+00 2.208066509220648843e+00 2.919810843685757273e+00 1.570803797363618415e+00 -9.451911217792423159e+00 8.566004664854336426e-01 2.291278373680392111e+00 -2.035344672335108185e-01 6.598645780247128778e-01 1.311599160472353143e+00
-2.817985329863361699e-01 -2.071135740934280933e-01 9.457096465451582390e-02 2.925359968773333375e-01 -1.877276158027625930e-01 -3.479540880364356825e-02 -4.359589969710939150e-01 7.587034629189779444e-01 6.948754814178705053e-03 2.977906966300946090e-01 1.050126151406563513e-01 2.706506910570299351e-01 2.733150818667209880e-01 1.204888545176930337e-01 8.566004664854336426e-01 -5.943056412749244011e+00 -1.925556253811083751e-01 -1.124974738940034552e-01 2.706228636741224436e-02 -3.934843003206790479e-01
-1.957369216458681560e+00 -1.642599245754911896e+00 2.345653550393906606e-01 5.484336917566128705e-02 -1.695187619415031710e+00 -1.909922677710164773e+00 -4.125044324706439447e+00 2.029418503302014898e+00 -1.208682206273732282e-02 8.910316749204600928e-01 -1.826613296180673585e-01 6.100552942603625350e-01 5.123991609954962195e-02 -2.095810521515038827e-01 2.291278373680392111e+00 -1.925556253811084306e-01 -2.595531302374134874e+00 -8.382471144725309742e-01 -2.984200881498353386e-01 -4.588336671154998214e+00
-2.784382861357055372e-01 -2.631828941831901858e-01 -2.775035568123575616e-02 -2.783205533167337209e-01 -2.977609925374773980e-01 -5.131115900237370742e-01 -7.455303226051164245e-01 -1.802734310279060226e-01 -1.045346909351071475e-02 -4.364268907126389596e-02 -1.579773867631178441e-01 -9.699284030298604975e-02 -2.600336561207938213e-01 -1.812593119911484751e-01 -2.035344672335108185e-01 -1.124974738940034552e-01 -8.382471144725309742e-01 1.487253238276466050e+01 -1.128404096465221024e-01 -9.211765638667537281e-01
-2.757202936079626299e-01 -2.125852213615267716e-01 7.195440827342525214e-02 1.898962261430853782e-01 -2.027403813083416828e-01 -1.153256663248217184e-01 -4.799984127555909641e-01 5.844516317613202006e-01 3.858326708984011720e-03 2.340005558853070211e-01 5.830871697339373716e-02 2.029409413299393672e-01 1.774192001958724840e-01 6.690196703615453044e-02 6.598645780247128778e-01 2.706228636741224436e-02 -2.984200881498353386e-01 -1.128404096465221024e-01 -3.997219852149503261e+00 -4.753872775676176166e-01
-2.109034371266820251e+00 -1.834396092281884494e+00 1.191614678487259577e-01 -5.662575116218092619e-01 -1.950283350261854842e+00 -2.585566413956353671e+00 -4.791607691991560891e+00 1.161702408469234449e+00 -3.211267423542789323e-02 5.876602513325618338e-01 -4.853007467958610488e-01 2.556672600391233785e-01 -5.290518766873584244e-01 -5.568219684815365333e-01 1.311599160472353143e+00 -3.934843003206789924e-01 -4.588336671154998214e+00 -9.211765638667537281e-01 -4.753872775676175055e-01 -1.530651398925477524e+00
