2.500353295221580652e+02 -1.501490642114513285e+01 9.146448218435450883e+01 -3.934693886495359560e+00 8.062012968150291670e+01 2.333691936768415331e+01 -7.112958080397091010e+01 -8.185032301537198407e+01 9.625578649261385067e+01 -6.517320381347343528e+01 -4.606887040301243985e+01 3.026951976636070540e+01 -1.152207916925935507e+02 6.141371114470243242e+01 1.551144342386368358e+01 1.840923052160381701e+02 9.286988443829239159e+00 1.178787228989313540e+01 -6.307068943284397733e+01 2.518160591151709582e+01
-1.501490642114513285e+01 2.927582139394673391e+02 7.121341121920079331e+01 -2.664942071236780308e+01 6.780212228292208465e+01 1.819929630547864718e+01 -8.869870518779427471e+01 -8.798716034261592256e+01 7.803018309020598053e+01 -7.277819346960404800e+01 -5.254113447073233800e+01 2.182319352818544189e+01 -1.233730356709996556e+02 4.990872015793495109e+01 1.348268079364112815e+01 1.552119437087008862e+02 4.042745411684655288e+00 6.253058428950755143e+00 -7.795964432289005686e+01 2.049380762411157519e+01
9.146448218435450883e+01 7.121341121920079331e+01 -1.262819606954851537e+02 8.122575339927759330e+01 8.011758437130632160e+01 2.839738039028370409e+01 3.464968391719551022e+01 -1.148714948946355108e+01 1.063127300972795410e+02 7.695014833622140227e-01 4.543658781229092725e+00 4.333506923735863836e+01 -1.794535026754748230e+01 6.738011500931460773e+01 1.381914069357315533e+01 1.815259978737659594e+02 2.297205449905545294e+01 2.506686973144685027e+01 2.820850352654479565e+01 2.751998352229439604e+01
-3.934693886495359560e+00 -2.664942071236780308e+01 8.122575339927756488e+01 2.707140373655175267e+02 7.432444070620894649e+01 2.074047116192872409e+01 -8.123700228018934411e+01 -8.584473481114122251e+01 8.715455544817028510e+01 -6.982813942724963852e+01 -4.995400007408478160e+01 2.593502823294415549e+01 -1.205798300386234700e+02 5.567382445129465651e+01 1.453738810811392845e+01 1.699273443672798010e+02 6.518372992257887688e+00 8.882019735327594034e+00 -7.165894548000565578e+01 2.284413106902614032e+01
8.062012968150291670e+01 6.780212228292208465e+01 8.011758437130633581e+01 7.432444070620894649e+01 -5.039737924553946300e+02 2.034489975355349856e+01 4.755529877850757003e+01 8.295110373450535590e+00 7.413785477780039912e+01 1.556895588377750705e+01 1.462087213398784513e+01 3.226617239273950588e+01 1.007258204050462069e+01 4.689492939794234871e+01 8.952327509207474776e+00 1.220837855464992145e+02 1.864688138462608080e+01 1.996982040717036000e+01 3.989345756884227967e+01 1.913076954663430840e+01
2.333691936768415331e+01 1.819929630547864008e+01 2.839738039028370764e+01 2.074047116192872409e+01 2.034489975355349856e+01 -2.347818447748560970e+02 8.940124519964847138e+00 -2.823352755627402733e+00 2.701113358208259640e+01 2.832884373592314264e-01 1.221292725877935137e+00 1.102219474587180059e+01 -4.427525648166258598e+00 1.711888631696752228e+01 3.507065378583163806e+00 4.609444770431733929e+01 5.851906717564296478e+00 6.383336300875719793e+00 7.285087129344575807e+00 6.991715985393395449e+00
-7.112958080397091010e+01 -8.869870518779427471e+01 3.464968391719552443e+01 -8.123700228018935832e+01 4.755529877850758425e+01 8.940124519964847138e+00 4.034026435943185902e+02 -1.130305845406455205e+02 4.689990822157548678e+01 -9.919211712565571304e+01 -7.382327143635141908e+01 5.569140337787518824e+00 -1.574680730588250128e+02 3.034066837259572935e+01 1.062875620081042527e+01 1.099054223059167441e+02 -7.260817063135806215e+00 -5.423672051465838528e+00 -1.214495092369714797e+02 1.254080187088784548e+01
-8.185032301537198407e+01 -8.798716034261593677e+01 -1.148714948946355108e+01 -8.584473481114119409e+01 8.295110373450535590e+00 -2.823352755627402733e+00 -1.130305845406454779e+02 8.104759511473752127e+02 -7.911197240018563726e-01 -7.247619518850267184e+01 -5.524512651732147361e+01 -1.018708684017997967e+01 -1.087571777864034459e+02 -5.295835587781007325e-02 3.197301821260657206e+00 2.036533170314716301e+01 -1.283647385015395592e+01 -1.218728111986329132e+01 -9.769996641323955089e+01 8.671186538544262135e-02
9.625578649261385067e+01 7.803018309020598053e+01 1.063127300972795410e+02 8.715455544817028510e+01 7.413785477780039912e+01 2.701113358208259996e+01 4.689990822157548678e+01 -7.911197240018643662e-01 -2.641211115926062121e+02 9.942759681011489548e+00 1.129277081248925541e+01 4.196750840685852069e+01 -3.006054046190214102e+00 6.324534799388325013e+01 1.256298349804173853e+01 1.677776258008338459e+02 2.319316195955516946e+01 2.507662831961890149e+01 3.890424405755646120e+01 2.581744192937112814e+01
-6.517320381347342106e+01 -7.277819346960404800e+01 7.695014833622211281e-01 -6.982813942724963852e+01 1.556895588377751061e+01 2.832884373592349792e-01 -9.919211712565568462e+01 -7.247619518850265763e+01 9.942759681011496653e+00 6.772462665414755065e+02 -4.972408676665393301e+01 -4.907275973034250782e+00 -1.005849154144652999e+02 6.708966439803504933e+00 4.289965983753303291e+00 3.670199006502657113e+01 -9.355803341753931690e+00 -8.556060645232928863e+00 -8.591309297892615859e+01 2.838543329618489430e+00
-4.606887040301244696e+01 -5.254113447073235221e+01 4.543658781229107824e+00 -4.995400007408478160e+01 1.462087213398783803e+01 1.221292725877938690e+00 -7.382327143635141908e+01 -5.524512651732148072e+01 1.129277081248925718e+01 -4.972408676665394012e+01 6.495382838583038847e+02 -2.176375805929151142e+00 -7.674208353458794818e+01 7.465461292610321209e+00 3.735940453649867266e+00 3.420665865087001833e+01 -6.264329231592471459e+00 -5.584937972989532540e+00 -6.400433702732593133e+01 3.123568336252423805e+00
3.026951976636070540e+01 2.182319352818543123e+01 4.333506923735863836e+01 2.593502823294414839e+01 3.226617239273950588e+01 1.102219474587179882e+01 5.569140337787516160e+00 -1.018708684017998145e+01 4.196750840685851358e+01 -4.907275973034249006e+00 -2.176375805929151142e+00 -8.760257580987148174e+01 -1.491388585717427517e+01 2.663090006097037588e+01 5.692476986558707708e+00 7.321985575690679582e+01 8.157615261278301944e+00 9.032356137085697512e+00 4.125363022047186412e+00 1.088461851678219006e+01
-1.152207916925935507e+02 -1.233730356709996556e+02 -1.794535026754748586e+01 -1.205798300386234700e+02 1.007258204050461892e+01 -4.427525648166258598e+00 -1.574680730588250128e+02 -1.087571777864034459e+02 -3.006054046190244300e+00 -1.005849154144653141e+02 -7.674208353458794818e+01 -1.491388585717427517e+01 7.584059464217214099e+02 -1.282927788840972694e+00 4.188667405745163386e+00 2.500151123965106592e+01 -1.822478359708422602e+01 -1.736153660569302914e+01 -1.360790281810991473e+02 -3.736452623611938861e-01
6.141371114470243953e+01 4.990872015793495109e+01 6.738011500931460773e+01 5.567382445129466362e+01 4.689492939794234871e+01 1.711888631696751872e+01 3.034066837259572935e+01 -5.295835587780739484e-02 6.324534799388325013e+01 6.708966439803499604e+00 7.465461292610324762e+00 2.663090006097037588e+01 -1.282927788840965588e+00 -3.339543121981221248e+02 7.936329788500822602e+00 1.061164524459510972e+02 1.475856360236347342e+01 1.594742431266741711e+01 2.519055499731075543e+01 1.634646921661714103e+01
1.551144342386368535e+01 1.348268079364112815e+01 1.381914069357315533e+01 1.453738810811392668e+01 8.952327509207473000e+00 3.507065378583162474e+00 1.062875620081042527e+01 3.197301821260656762e+00 1.256298349804173853e+01 4.289965983753301515e+00 3.735940453649867266e+00 5.692476986558707708e+00 4.188667405745161609e+00 7.936329788500820825e+00 -8.845582052915824534e+02 2.019267916259922657e+01 3.448466777350560175e+00 3.657492962476755149e+00 8.982102538433153427e+00 3.235148670196267062e+00
1.840923052160381701e+02 1.552119437087008862e+02 1.815259978737659594e+02 1.699273443672798010e+02 1.220837855464992003e+02 4.609444770431733929e+01 1.099054223059167441e+02 2.036533170314717722e+01 1.677776258008338743e+02 3.670199006502656403e+01 3.420665865087003255e+01 7.321985575690679582e+01 2.500151123965106947e+01 1.061164524459510972e+02 2.019267916259922657e+01 -3.001584613474482808e+02 4.245549068558261041e+01 4.543589466939194921e+01 9.225658103054010439e+01 4.328796854283079654e+01
9.286988443829239159e+00 4.042745411684651735e+00 2.297205449905545649e+01 6.518372992257885912e+00 1.864688138462607725e+01 5.851906717564296478e+00 -7.260817063135806215e+00 -1.283647385015395948e+01 2.319316195955516591e+01 -9.355803341753931690e+00 -6.264329231592471459e+00 8.157615261278303720e+00 -1.822478359708422602e+01 1.475856360236347342e+01 3.448466777350560619e+00 4.245549068558260331e+01 1.123471430134572415e+02 3.891509397576065954e+00 -6.657655455435704361e+00 6.042060965217363133e+00
1.178787228989313896e+01 6.253058428950751590e+00 2.506686973144685027e+01 8.882019735327594034e+00 1.996982040717036000e+01 6.383336300875719793e+00 -5.423672051465840305e+00 -1.218728111986329488e+01 2.507662831961890149e+01 -8.556060645232928863e+00 -5.584937972989530763e+00 9.032356137085697512e+00 -1.736153660569302559e+01 1.594742431266741889e+01 3.657492962476755149e+00 4.543589466939194921e+01 3.891509397576065954e+00 7.546577702951250899e+01 -5.100400326403950579e+00 6.526450773869388655e+00
-6.307068943284396312e+01 -7.795964432289005686e+01 2.820850352654480986e+01 -7.165894548000568420e+01 3.989345756884227967e+01 7.285087129344575807e+00 -1.214495092369714655e+02 -9.769996641323955089e+01 3.890424405755646120e+01 -8.591309297892618702e+01 -6.400433702732593133e+01 4.125363022047186412e+00 -1.360790281810991189e+02 2.519055499731075543e+01 8.982102538433153427e+00 9.225658103054010439e+01 -6.657655455435704361e+00 -5.100400326403950579e+00 4.473702661424780445e+02 1.041740860203752561e+01
2.518160591151709227e+01 2.049380762411156809e+01 2.751998352229439959e+01 2.284413106902614388e+01 1.913076954663430485e+01 6.991715985393394561e+00 1.254080187088784548e+01 8.671186538544084499e-02 2.581744192937112814e+01 2.838543329618484989e+00 3.123568336252422029e+00 1.088461851678219006e+01 -3.736452623611938861e-01 1.634646921661714103e+01 3.235148670196267506e+00 4.328796854283080364e+01 6.042060965217363133e+00 6.526450773869388655e+00 1.041740860203752561e+01 -3.733275944104189534e+02
