5.108211981093157306e+02 -1.602497622994004018e+02 -1.369697346739542070e+02 -6.146425842897851055e+01 -2.015368701400176832e+01 7.073696658016035421e-01 -1.666762923987432714e+02 -3.809502671670854568e+01 -8.656468491613637184e+01 -2.002429552351992186e+02 6.031692394072183561e+01 -2.143804397608288426e+01 9.308970186476445363e+00 -8.421434778581556202e+01 3.363760604266139609e+01 6.262312923241513829e+01 -9.770185968350385508e+01 -8.222758164287066407e+00 -2.292108474297492648e+01 -2.283169167843561240e+02
-1.602497622994004018e+02 8.214754888792770089e+02 -1.040207766618422198e+02 -6.252911012030533300e+01 -1.835026547571837341e+01 -3.311015338204381653e+00 -1.257912645502888864e+02 -3.629040435271100762e+01 -6.487794424777766267e+01 -1.469073642045750603e+02 1.415935550460773307e+01 -1.805236590177934985e+01 2.365579959377232644e+00 -6.187043587719443849e+01 3.080388212617613419e+00 1.286749516423255812e+01 -7.852783994305781334e+01 -1.757426322743097558e+01 -4.238824984367919058e+01 -1.663423815543969795e+02
-1.369697346739542070e+02 -1.040207766618422198e+02 5.061111069841825270e+02 -2.602154693557064746e+01 -1.017168911866250980e+01 3.369222125013876301e+00 -1.039015841491995928e+02 -1.800498884750848561e+01 -5.430696182016731655e+01 -1.280376783327078272e+02 6.148543412296260158e+01 -1.193743400015477718e+01 9.351989889955627078e+00 -5.378141385843413502e+01 3.795715696776662895e+01 6.523251953855528029e+01 -5.725525626175996763e+01 3.532451448707243813e+00 4.819942949650123154e+00 -1.468729627114818754e+02
-6.146425842897852476e+01 -6.252911012030533300e+01 -2.602154693557064746e+01 6.666575786135268800e+01 1.198821066028710547e+01 2.012578699549051464e+01 -3.576904961245172387e+01 3.099447160537141954e+01 -2.092907112291126737e+01 -6.487864261523846210e+01 1.758691265778238915e+02 5.129473092127945222e+00 2.620595545957825223e+01 -2.683371623664851313e+01 1.230979397385675327e+02 1.921170755020918648e+02 3.926540697521005541e+00 5.729447214101234209e+01 1.254208884081091071e+02 -8.000762420118520879e+01
-2.015368701400177542e+01 -1.835026547571837341e+01 -1.017168911866250802e+01 1.198821066028710547e+01 1.166829051276617832e+02 4.071238242209166636e+00 -1.320272864219058206e+01 4.856395442540264007e+00 -7.329772643135041399e+00 -2.026521263236590897e+01 3.752928850840420694e+01 2.578198637287578698e-01 5.603762751430953593e+00 -8.431953344696461627e+00 2.595874960467709514e+01 4.087867018215067816e+01 -2.734994527430372635e+00 1.122082540637646630e+01 2.438552012048997142e+01 -2.431915549540715560e+01
7.073696658016039862e-01 -3.311015338204381653e+00 3.369222125013879410e+00 2.012578699549051464e+01 4.071238242209166636e+00 -3.494982732164898493e+02 3.172264632897682013e+00 9.579500779853621140e+00 1.115835206022354864e+00 -1.140834919261722202e+00 3.568179157340117058e+01 2.607546962306235727e+00 5.295183803210135487e+00 -3.776819062105687408e-01 2.555470612393838437e+01 3.919892757236780767e+01 7.486783634668889853e+00 1.350701621095856098e+01 2.990001756714623937e+01 -2.664566850845361046e+00
-1.666762923987433282e+02 -1.257912645502888864e+02 -1.039015841491995928e+02 -3.576904961245170256e+01 -1.320272864219058206e+01 3.172264632897683789e+00 4.960227622109040340e+02 -2.385738040158781814e+01 -6.625676370942723281e+01 -1.554370842247888334e+02 6.743069043500960902e+01 -1.504909640991489184e+01 1.028337576387470165e+01 -6.531120011253204893e+01 4.090333988710432322e+01 7.126448750160882639e+01 -7.114920157588086624e+01 1.522113276321400477e+00 -2.776857138220343302e-01 -1.780246816876268667e+02
-3.809502671670854568e+01 -3.629040435271100762e+01 -1.800498884750847850e+01 3.099447160537141599e+01 4.856395442540263119e+00 9.579500779853617587e+00 -2.385738040158781814e+01 7.213443708276639654e+01 -1.350667748882667851e+01 -3.905708708786879413e+01 8.594629190685844833e+01 1.548674821893555986e+00 1.281997676057738289e+01 -1.621153624402065674e+01 5.980290816327545400e+01 9.375167649704030737e+01 -2.171925610260474926e+00 2.684832617360393670e+01 5.856928507289434549e+01 -4.739572287377335869e+01
-8.656468491613637184e+01 -6.487794424777763425e+01 -5.430696182016731655e+01 -2.092907112291126026e+01 -7.329772643135044063e+00 1.115835206022355974e+00 -6.625676370942723281e+01 -1.350667748882667851e+01 6.264907250231013904e+02 -8.051548443070056749e+01 3.078510913525393633e+01 -8.115412520571222643e+00 4.712057523290285488e+00 -3.384278569007062742e+01 1.821373169485260846e+01 3.236013081462985497e+01 -3.779799644815420123e+01 -8.008173400103597572e-01 -3.665088548743918651e+00 -9.205581409843168217e+01
-2.002429552351992186e+02 -1.469073642045750603e+02 -1.280376783327078272e+02 -6.487864261523846210e+01 -2.026521263236591608e+01 -1.140834919261725755e+00 -1.554370842247888334e+02 -3.905708708786879413e+01 -8.051548443070055328e+01 6.122343721060467487e+02 4.156319850768855417e+01 -2.086954520797484136e+01 6.499062095222357449e+00 -7.774590729022841629e+01 2.092372702169643262e+01 4.229387483418206273e+01 -9.335765841845818613e+01 -1.299202306085332204e+01 -3.312464548111687179e+01 -2.101258434139014071e+02
6.031692394072180718e+01 1.415935550460772419e+01 6.148543412296258737e+01 1.758691265778238915e+02 3.752928850840420694e+01 3.568179157340116348e+01 6.743069043500959481e+01 8.594629190685843412e+01 3.078510913525393988e+01 4.156319850768856838e+01 -3.990161877695236399e+02 2.619441121427166053e+01 3.982670508614553739e+01 1.829325044030144198e+01 1.950600143395895998e+02 2.964179390455903444e+02 8.435316064256812751e+01 1.096767139340275747e+02 2.439811452546741464e+02 3.652641814654295160e+01
-2.143804397608288426e+01 -1.805236590177934985e+01 -1.193743400015477363e+01 5.129473092127946110e+00 2.578198637287574257e-01 2.607546962306235727e+00 -1.504909640991489184e+01 1.548674821893557318e+00 -8.115412520571220867e+00 -2.086954520797484136e+01 2.619441121427166053e+01 2.503034993568663253e+02 3.923409894269101361e+00 -8.719389767255586676e+00 1.779429428810276548e+01 2.840877955134965660e+01 -5.651255516963626491e+00 6.778724446605682630e+00 1.452919159439176511e+01 -2.456374875033083782e+01
9.308970186476443587e+00 2.365579959377234420e+00 9.351989889955630630e+00 2.620595545957825223e+01 5.603762751430952704e+00 5.295183803210135487e+00 1.028337576387469987e+01 1.281997676057738289e+01 4.712057523290286376e+00 6.499062095222361002e+00 3.982670508614553739e+01 3.923409894269100029e+00 -6.801037384246362762e+02 2.853985784235272050e+00 2.889791823500654644e+01 4.389503220009304840e+01 1.268165234408849251e+01 1.629316232543772003e+01 3.625254858682268377e+01 5.797665185332885329e+00
-8.421434778581556202e+01 -6.187043587719443849e+01 -5.378141385843413502e+01 -2.683371623664851313e+01 -8.431953344696461627e+00 -3.776819062105687408e-01 -6.531120011253206314e+01 -1.621153624402066384e+01 -3.384278569007062742e+01 -7.774590729022841629e+01 1.829325044030144198e+01 -8.719389767255586676e+00 2.853985784235272938e+00 7.542883056917478370e+02 9.381532153990416845e+00 1.868045039482024805e+01 -3.910009528485831254e+01 -5.158336259683821368e+00 -1.325478287969362512e+01 -8.844804735692429176e+01
3.363760604266138898e+01 3.080388212617620525e+00 3.795715696776665027e+01 1.230979397385675185e+02 2.595874960467709514e+01 2.555470612393838792e+01 4.090333988710429480e+01 5.980290816327545400e+01 1.821373169485259780e+01 2.092372702169644683e+01 1.950600143395895998e+02 1.779429428810276548e+01 2.889791823500654644e+01 9.381532153990416845e+00 -4.349919129541301572e+02 2.147853897137901242e+02 5.604174879366412654e+01 7.809136685342693340e+01 1.735144200952114488e+02 1.608613638960423486e+01
6.262312923241513829e+01 1.286749516423255102e+01 6.523251953855529450e+01 1.921170755020918648e+02 4.087867018215067105e+01 3.919892757236780767e+01 7.126448750160881218e+01 9.375167649704030737e+01 3.236013081462986918e+01 4.229387483418207694e+01 2.964179390455903444e+02 2.840877955134965660e+01 4.389503220009305551e+01 1.868045039482024805e+01 2.147853897137901242e+02 -3.174142618054905256e+02 9.100412460659532599e+01 1.203134284881914056e+02 2.675655306155230733e+02 3.629228953754224563e+01
-9.770185968350384087e+01 -7.852783994305781334e+01 -5.725525626175996763e+01 3.926540697520998435e+00 -2.734994527430374411e+00 7.486783634668889853e+00 -7.114920157588085203e+01 -2.171925610260473150e+00 -3.779799644815420123e+01 -9.335765841845821456e+01 8.435316064256812751e+01 -5.651255516963631820e+00 1.268165234408849251e+01 -3.910009528485831254e+01 5.604174879366412654e+01 9.100412460659532599e+01 3.382483934044166176e+02 1.773405268256287215e+01 3.710010420012250165e+01 -1.086164917721698089e+02
-8.222758164287064631e+00 -1.757426322743097558e+01 3.532451448707245589e+00 5.729447214101234209e+01 1.122082540637646275e+01 1.350701621095856098e+01 1.522113276321404030e+00 2.684832617360394380e+01 -8.008173400103562045e-01 -1.299202306085332204e+01 1.096767139340275889e+02 6.778724446605682630e+00 1.629316232543772003e+01 -5.158336259683814262e+00 7.809136685342693340e+01 1.203134284881914056e+02 1.773405268256287570e+01 -2.039682521748654551e+02 8.839121124851561717e+01 -1.889516689228204882e+01
-2.292108474297491938e+01 -4.238824984367919058e+01 4.819942949650140918e+00 1.254208884081091071e+02 2.438552012048997142e+01 2.990001756714623937e+01 -2.776857138220272248e-01 5.856928507289434549e+01 -3.665088548743902663e+00 -3.312464548111687179e+01 2.439811452546742032e+02 1.452919159439176511e+01 3.625254858682267667e+01 -1.325478287969361979e+01 1.735144200952114488e+02 2.675655306155230733e+02 3.710010420012250165e+01 8.839121124851564559e+01 -2.893396600439306354e+01 -4.679947876171982557e+01
-2.283169167843561240e+02 -1.663423815543969795e+02 -1.468729627114818754e+02 -8.000762420118520879e+01 -2.431915549540715560e+01 -2.664566850845361046e+00 -1.780246816876268667e+02 -4.739572287377338000e+01 -9.205581409843168217e+01 -2.101258434139014071e+02 3.652641814654293739e+01 -2.456374875033083427e+01 5.797665185332885329e+00 -8.844804735692429176e+01 1.608613638960419223e+01 3.629228953754224563e+01 -1.086164917721698089e+02 -1.889516689228204882e+01 -4.679947876171985399e+01 6.104476405118895173e+02
