6.836781321606026722e+02 -2.131362314654990797e+01 -7.040968622968274815e+01 -2.515676171238871106e+01 1.326517797830539891e+01 -3.373742868823067909e+01 5.111216443669712284e+00 -4.926210905648848382e+01 1.390227753411374501e+01 -4.478436785524561259e+01 -5.071037915906611460e+00 -3.336864992991845913e+00 -5.733207280199304989e+01 -1.087619023669085863e+02 -7.860077446386999611e+01 -5.263549923398930019e+01 -1.106741655141216185e+01 -1.062563025534707073e+01 -1.115143669345271782e+01 5.404759219906503098e+00
-2.131362314654990797e+01 1.592528099777834711e+02 -3.468080734555062605e+01 -1.228861456910074068e+01 3.366432986697961383e+01 5.963791538523531166e+00 2.323255219587769815e+01 4.563758972444108331e+00 4.910373432744368216e+01 -2.145549124578811728e+01 4.230598085033559386e+01 2.084839730438711314e+01 -1.938324528074998554e+01 -5.548744877028185130e+01 -4.255129250081128589e+01 -5.516546344007130287e+00 4.067558118045813842e+01 -2.999854636903599214e+00 1.707558804197271130e+01 1.453756369309692609e+01
-7.040968622968274815e+01 -3.468080734555062605e+01 5.572646660256064024e+02 -4.276546479362416164e+01 2.650522549947597639e+01 -5.408697607494445947e+01 1.170562737446923940e+01 -7.957868680888728363e+01 2.978920721763935830e+01 -7.607036418824321800e+01 -2.105249395658709055e+00 -2.402244745408157023e+00 -9.620773632171032830e+01 -1.852340199820154680e+02 -1.342227755695770668e+02 -8.654011681254749533e+01 -1.210990199034651482e+01 -1.774443932659108825e+01 -1.568022761203352999e+01 1.091877871848356740e+01
-2.515676171238871106e+01 -1.228861456910074068e+01 -4.276546479362416164e+01 6.537265400495236918e+02 9.714623592425768450e+00 -1.911177730050397727e+01 4.370094515462910501e+00 -2.815950021410294823e+01 1.102572730183695349e+01 -2.716428306345801147e+01 -3.426344057884376237e-01 -6.525332129453781382e-01 -3.428129025314945011e+01 -6.617691202069578083e+01 -4.797493705274489884e+01 -3.072279715493913699e+01 -3.903875068492576705e+00 -6.317314583388502491e+00 -5.394288348634304064e+00 4.008307325177408842e+00
1.326517797830539536e+01 3.366432986697961383e+01 2.650522549947598350e+01 9.714623592425768450e+00 -7.322877823074567232e+02 6.655656917429513442e+01 4.748087623918824818e+01 8.729916843203106680e+01 9.554672757909642655e+01 1.829780404094570656e+01 1.087653084184718750e+02 5.489924005064614221e+01 4.270389944503020274e+01 3.637306755331655239e+01 2.044012221935890494e+01 6.849053116184228429e+01 1.141783225271634876e+02 9.327710284374255423e+00 5.802299102666031416e+01 2.628810776764967017e+01
-3.373742868823067909e+01 5.963791538523538271e+00 -5.408697607494445947e+01 -1.911177730050397727e+01 6.655656917429512021e+01 1.039991505619907741e+02 4.696401123821382839e+01 2.205182476571155448e+01 9.847109379130426987e+01 -3.314865701423165234e+01 8.918937893459590782e+01 4.416634085685061706e+01 -2.564156357411424381e+01 -8.752885297128237596e+01 -6.834868841699072561e+01 1.969642096262815834e+00 8.733212381418785242e+01 -3.521215199613556113e+00 3.832193420587713462e+01 2.882429615533395406e+01
5.111216443669713172e+00 2.323255219587769105e+01 1.170562737446923940e+01 4.370094515462910501e+00 4.748087623918824818e+01 4.696401123821382129e+01 -5.309127189226192058e+02 6.098519305135666713e+01 7.507568231469109321e+01 8.550426024630324306e+00 8.289579470686075524e+01 4.174615755585198684e+01 2.575033823378817033e+01 1.457281112578727900e+01 6.042396505548315311e+00 4.612814442678426730e+01 8.631590478817523149e+01 5.857593503928721468e+00 4.318509442943116738e+01 2.084985295064691968e+01
-4.926210905648848382e+01 4.563758972444113660e+00 -7.957868680888728363e+01 -2.815950021410294823e+01 8.729916843203106680e+01 2.205182476571155448e+01 6.098519305135666713e+01 1.401539742397544330e+02 1.283310949369239609e+02 -4.900826109442685663e+01 1.136769680205874238e+02 5.617295509054938663e+01 -4.119532911746403414e+01 -1.280316136352442129e+02 -9.905967799023260056e+01 -5.095787381046683606e+00 1.104261304054238622e+02 -6.055737159904561295e+00 4.754413319791672876e+01 3.775823941431796982e+01
1.390227753411375922e+01 4.910373432744368216e+01 2.978920721763936541e+01 1.102572730183695882e+01 9.554672757909642655e+01 9.847109379130426987e+01 7.507568231469109321e+01 1.283310949369239893e+02 -4.843253284996644652e+02 2.119730799722752579e+01 1.692013339279368154e+02 8.527571031181237515e+01 5.727719977061391177e+01 3.887148106681835458e+01 1.895212265570293297e+01 9.836818628329508840e+01 1.766718588136888002e+02 1.282479735119546049e+01 8.886648041933818831e+01 4.199213710650244025e+01
-4.478436785524561259e+01 -2.145549124578811728e+01 -7.607036418824321800e+01 -2.716428306345801857e+01 1.829780404094570656e+01 -3.314865701423165234e+01 8.550426024630324306e+00 -4.900826109442687084e+01 2.119730799722752224e+01 6.027033415555108604e+02 1.071050844791555656e+00 -3.170720053358325186e-01 -6.064670342675962189e+01 -1.177860495634069622e+02 -8.548074962127597587e+01 -5.388357660247255154e+01 -5.213983932435288793e+00 -1.115332500483385125e+01 -8.748749919810679287e+00 7.575326830014698309e+00
-5.071037915906614124e+00 4.230598085033558675e+01 -2.105249395658702394e+00 -3.426344057884411765e-01 1.087653084184718750e+02 8.918937893459590782e+01 8.289579470686075524e+01 1.136769680205874238e+02 1.692013339279367869e+02 1.071050844791559209e+00 -1.591895853399322220e+02 8.974120121530599192e+01 3.366011436220345132e+01 -1.090506598321797682e+01 -1.767212107446337299e+01 7.994877247544680188e+01 1.839162939168005835e+02 8.605189602313211950e+00 8.981237598464164762e+01 4.759618526882808709e+01
-3.336864992991843248e+00 2.084839730438711314e+01 -2.402244745408161464e+00 -6.525332129453772501e-01 5.489924005064614931e+01 4.416634085685061706e+01 4.174615755585197974e+01 5.617295509054938663e+01 8.527571031181236094e+01 -3.170720053358306867e-01 8.974120121530599192e+01 -2.749758914261852283e+02 1.581673740471384804e+01 -7.555817312109317285e+00 -1.037977657831552847e+01 3.916279741040280271e+01 9.219199494730654010e+01 4.120520425681397647e+00 4.491064332451651353e+01 2.401651190685731052e+01
-5.733207280199304279e+01 -1.938324528074997133e+01 -9.620773632171032830e+01 -3.428129025314945011e+01 4.270389944503019564e+01 -2.564156357411423315e+01 2.575033823378817033e+01 -4.119532911746403414e+01 5.727719977061391177e+01 -6.064670342675963610e+01 3.366011436220345132e+01 1.581673740471384804e+01 3.686845205681374296e+02 -1.503479171823436218e+02 -1.108751027067958717e+02 -5.343151544759685834e+01 2.666536169251347133e+01 -1.249511027752013526e+01 5.208049716582584310e+00 1.814337720379134922e+01
-1.087619023669085578e+02 -5.548744877028185130e+01 -1.852340199820154112e+02 -6.617691202069578083e+01 3.637306755331655239e+01 -8.752885297128237596e+01 1.457281112578727900e+01 -1.280316136352442129e+02 3.887148106681835458e+01 -1.177860495634069622e+02 -1.090506598321796083e+01 -7.555817312109315509e+00 -1.503479171823436218e+02 4.267646859012249934e+02 -2.069917060011541423e+02 -1.373640375154757010e+02 -2.660842142935406685e+01 -2.783249215684213596e+01 -2.811026765602055022e+01 1.486448509402958607e+01
-7.860077446386999611e+01 -4.255129250081129300e+01 -1.342227755695770668e+02 -4.797493705274490594e+01 2.044012221935890494e+01 -6.834868841699072561e+01 6.042396505548315311e+00 -9.905967799023262899e+01 1.895212265570290455e+01 -8.548074962127597587e+01 -1.767212107446338010e+01 -1.037977657831553557e+01 -1.108751027067958717e+02 -2.069917060011541423e+02 6.338478269049711571e+02 -1.039862266213137616e+02 -2.933949580044660621e+01 -2.065488802072317398e+01 -2.529041772899382678e+01 8.181358563250503479e+00
-5.263549923398930019e+01 -5.516546344007130287e+00 -8.654011681254746691e+01 -3.072279715493912988e+01 6.849053116184231271e+01 1.969642096262815834e+00 4.612814442678426730e+01 -5.095787381046683606e+00 9.836818628329508840e+01 -5.388357660247255154e+01 7.994877247544680188e+01 3.916279741040279561e+01 -5.343151544759685834e+01 -1.373640375154757294e+02 -1.039862266213137616e+02 2.035643098797362143e+02 7.512380448795417465e+01 -8.762958055730333484e+00 2.970475005433449667e+01 2.948571214345668778e+01
-1.106741655141215475e+01 4.067558118045814552e+01 -1.210990199034651127e+01 -3.903875068492570044e+00 1.141783225271634876e+02 8.733212381418785242e+01 8.631590478817523149e+01 1.104261304054238764e+02 1.766718588136888002e+02 -5.213983932435278135e+00 1.839162939168005835e+02 9.219199494730654010e+01 2.666536169251347133e+01 -2.660842142935407395e+01 -2.933949580044660621e+01 7.512380448795417465e+01 -8.765779590535088062e+01 7.385873658960298904e+00 9.116270596137842119e+01 4.990847699247277802e+01
-1.062563025534707073e+01 -2.999854636903599214e+00 -1.774443932659108825e+01 -6.317314583388502491e+00 9.327710284374258976e+00 -3.521215199613557001e+00 5.857593503928721468e+00 -6.055737159904559519e+00 1.282479735119546049e+01 -1.115332500483384948e+01 8.605189602313210173e+00 4.120520425681398535e+00 -1.249511027752013881e+01 -2.783249215684213240e+01 -2.065488802072317753e+01 -8.762958055730333484e+00 7.385873658960298904e+00 3.748149271948948922e+02 2.167949609567934921e+00 3.981665863259747695e+00
-1.115143669345271071e+01 1.707558804197271485e+01 -1.568022761203352289e+01 -5.394288348634304064e+00 5.802299102666031416e+01 3.832193420587712041e+01 4.318509442943116738e+01 4.754413319791672876e+01 8.886648041933817410e+01 -8.748749919810673958e+00 8.981237598464164762e+01 4.491064332451651353e+01 5.208049716582584310e+00 -2.811026765602056443e+01 -2.529041772899381968e+01 2.970475005433449667e+01 9.116270596137842119e+01 2.167949609567934921e+00 -1.286747575128005394e+02 2.530808851187570241e+01
5.404759219906503098e+00 1.453756369309692786e+01 1.091877871848356740e+01 4.008307325177409730e+00 2.628810776764967017e+01 2.882429615533395406e+01 2.084985295064691968e+01 3.775823941431797692e+01 4.199213710650244025e+01 7.575326830014700086e+00 4.759618526882808709e+01 2.401651190685731052e+01 1.814337720379135632e+01 1.486448509402958251e+01 8.181358563250503479e+00 2.948571214345669134e+01 4.990847699247278513e+01 3.981665863259748139e+00 2.530808851187570241e+01 -7.444310251057273717e+02
