3.863844000000000000e+06 -1.641006000000000000e+06 7.585060000000000000e+05 5.879830000000000000e+05 -8.401000000000000000e+04 -1.556441000000000000e+06 2.859270000000000000e+05 9.510100000000000000e+04 -6.238050000000000000e+05 -6.206140000000000000e+05 5.896700000000000000e+05 -1.150582000000000000e+06 5.054370000000000000e+05 7.940700000000000000e+05 -5.002180000000000000e+05 -2.131840000000000000e+05 -8.109630000000000000e+05 -9.041920000000000000e+05 -6.842920000000000000e+05 1.800589000000000000e+06
-1.641006000000000000e+06 5.143658000000000000e+06 -1.246138000000000000e+06 8.400390000000000000e+05 -7.065990000000000000e+05 2.472158000000000000e+06 -1.044032000000000000e+06 6.479810000000000000e+05 8.169200000000000000e+04 -1.706503000000000000e+06 9.979770000000000000e+05 1.523838000000000000e+06 1.178344000000000000e+06 -6.602960000000000000e+05 -1.714225000000000000e+06 1.710820000000000000e+05 -4.757980000000000000e+05 -5.208980000000000000e+05 -5.195130000000000000e+05 6.157910000000000000e+05
7.585060000000000000e+05 -1.246138000000000000e+06 5.502204000000000000e+06 -8.351930000000000000e+05 -1.314169000000000000e+06 3.136400000000000000e+05 -8.304580000000000000e+05 5.664380000000000000e+05 -1.423632000000000000e+06 9.438020000000000000e+05 6.439590000000000000e+05 -9.991640000000000000e+05 -1.455678000000000000e+06 4.840980000000000000e+05 -1.079781000000000000e+06 -1.869987000000000000e+06 6.859490000000000000e+05 -9.004870000000000000e+05 -7.389810000000000000e+05 1.717346000000000000e+06
5.879830000000000000e+05 8.400390000000000000e+05 -8.351930000000000000e+05 6.822190000000000000e+06 9.565410000000000000e+05 -1.424741000000000000e+06 2.217140000000000000e+06 1.044090000000000000e+06 -1.619460000000000000e+06 1.666050000000000000e+05 -1.753310000000000000e+05 -8.928740000000000000e+05 2.051822000000000000e+06 2.845260000000000000e+05 1.260636000000000000e+06 2.386411000000000000e+06 -1.785440000000000000e+06 -1.412208000000000000e+06 8.590060000000000000e+05 -3.718810000000000000e+05
-8.401000000000000000e+04 -7.065990000000000000e+05 -1.314169000000000000e+06 9.565410000000000000e+05 5.728672000000000000e+06 -3.281961000000000000e+06 -8.315750000000000000e+05 -5.629050000000000000e+05 -3.032700000000000000e+04 2.142355000000000000e+06 4.251400000000000000e+05 -1.209272000000000000e+06 -5.465670000000000000e+05 -1.449933000000000000e+06 1.557254000000000000e+06 1.354885000000000000e+06 9.075100000000000000e+05 -7.915190000000000000e+05 1.587148000000000000e+06 -2.189222000000000000e+06
-1.556441000000000000e+06 2.472158000000000000e+06 3.136400000000000000e+05 -1.424741000000000000e+06 -3.281961000000000000e+06 7.117562000000000000e+06 -1.547079000000000000e+06 -1.107787000000000000e+06 1.469905000000000000e+06 -2.452240000000000000e+06 1.589220000000000000e+05 1.718458000000000000e+06 -2.233390000000000000e+05 -1.304524000000000000e+06 -2.873400000000000000e+05 -3.980020000000000000e+05 1.824881000000000000e+06 -9.234970000000000000e+05 -1.547575000000000000e+06 2.017176000000000000e+06
2.859270000000000000e+05 -1.044032000000000000e+06 -8.304580000000000000e+05 2.217140000000000000e+06 -8.315750000000000000e+05 -1.547079000000000000e+06 6.378548000000000000e+06 1.410796000000000000e+06 1.758780000000000000e+05 -1.023469000000000000e+06 -8.150800000000000000e+05 -9.666500000000000000e+04 -3.365400000000000000e+04 2.067421000000000000e+06 1.862807000000000000e+06 -1.658900000000000000e+05 -3.326920000000000000e+05 -4.143680000000000000e+05 1.376381000000000000e+06 4.920130000000000000e+05
9.510100000000000000e+04 6.479810000000000000e+05 5.664380000000000000e+05 1.044090000000000000e+06 -5.629050000000000000e+05 -1.107787000000000000e+06 1.410796000000000000e+06 4.236109000000000000e+06 -7.088140000000000000e+05 -1.565472000000000000e+06 -1.725859000000000000e+06 2.120440000000000000e+06 2.438021000000000000e+06 1.696460000000000000e+05 -1.015711000000000000e+06 -3.600750000000000000e+05 -2.542412000000000000e+06 -5.317580000000000000e+05 3.917330000000000000e+05 2.643340000000000000e+05
-6.238050000000000000e+05 8.169200000000000000e+04 -1.423632000000000000e+06 -1.619460000000000000e+06 -3.032700000000000000e+04 1.469905000000000000e+06 1.758780000000000000e+05 -7.088140000000000000e+05 6.565784000000000000e+06 3.575190000000000000e+05 6.658130000000000000e+05 9.807880000000000000e+05 -6.374200000000000000e+05 -1.589295000000000000e+06 3.605020000000000000e+05 -2.243509000000000000e+06 1.243485000000000000e+06 4.918440000000000000e+05 -7.747860000000000000e+05 1.648211000000000000e+06
-6.206140000000000000e+05 -1.706503000000000000e+06 9.438020000000000000e+05 1.666050000000000000e+05 2.142355000000000000e+06 -2.452240000000000000e+06 -1.023469000000000000e+06 -1.565472000000000000e+06 3.575190000000000000e+05 5.933011000000000000e+06 1.485654000000000000e+06 -8.518400000000000000e+05 -1.785618000000000000e+06 -2.373284000000000000e+06 -4.010000000000000000e+02 2.620759000000000000e+06 1.588458000000000000e+06 -8.187090000000000000e+05 9.099070000000000000e+05 -4.980910000000000000e+05
5.896700000000000000e+05 9.979770000000000000e+05 6.439590000000000000e+05 -1.753310000000000000e+05 4.251400000000000000e+05 1.589220000000000000e+05 -8.150800000000000000e+05 -1.725859000000000000e+06 6.658130000000000000e+05 1.485654000000000000e+06 6.185862000000000000e+06 7.618620000000000000e+05 1.072939000000000000e+06 8.355730000000000000e+05 -1.828017000000000000e+06 1.094456000000000000e+06 8.218720000000000000e+05 -1.150328000000000000e+06 -1.267706000000000000e+06 -9.401990000000000000e+05
-1.150582000000000000e+06 1.523838000000000000e+06 -9.991640000000000000e+05 -8.928740000000000000e+05 -1.209272000000000000e+06 1.718458000000000000e+06 -9.666500000000000000e+04 2.120440000000000000e+06 9.807880000000000000e+05 -8.518400000000000000e+05 7.618620000000000000e+05 7.259219000000000000e+06 2.756928000000000000e+06 9.514700000000000000e+04 -1.479941000000000000e+06 2.673183000000000000e+06 -3.624508000000000000e+06 4.442900000000000000e+05 -9.034950000000000000e+05 -4.994660000000000000e+05
5.054370000000000000e+05 1.178344000000000000e+06 -1.455678000000000000e+06 2.051822000000000000e+06 -5.465670000000000000e+05 -2.233390000000000000e+05 -3.365400000000000000e+04 2.438021000000000000e+06 -6.374200000000000000e+05 -1.785618000000000000e+06 1.072939000000000000e+06 2.756928000000000000e+06 7.073095000000000000e+06 4.246400000000000000e+04 -4.057999000000000000e+06 1.118663000000000000e+06 -3.118721000000000000e+06 -4.015800000000000000e+05 -3.096520000000000000e+05 -1.294314000000000000e+06
7.940700000000000000e+05 -6.602960000000000000e+05 4.840980000000000000e+05 2.845260000000000000e+05 -1.449933000000000000e+06 -1.304524000000000000e+06 2.067421000000000000e+06 1.696460000000000000e+05 -1.589295000000000000e+06 -2.373284000000000000e+06 8.355730000000000000e+05 9.514700000000000000e+04 4.246400000000000000e+04 7.188648000000000000e+06 2.915960000000000000e+06 -1.668901000000000000e+06 -3.313873000000000000e+06 4.674322000000000000e+06 1.080440000000000000e+06 -2.375358000000000000e+06
-5.002180000000000000e+05 -1.714225000000000000e+06 -1.079781000000000000e+06 1.260636000000000000e+06 1.557254000000000000e+06 -2.873400000000000000e+05 1.862807000000000000e+06 -1.015711000000000000e+06 3.605020000000000000e+05 -4.010000000000000000e+02 -1.828017000000000000e+06 -1.479941000000000000e+06 -4.057999000000000000e+06 2.915960000000000000e+06 8.827752000000000000e+06 7.204500000000000000e+05 7.374290000000000000e+05 2.290423000000000000e+06 2.074040000000000000e+06 -2.814880000000000000e+05
-2.131840000000000000e+05 1.710820000000000000e+05 -1.869987000000000000e+06 2.386411000000000000e+06 1.354885000000000000e+06 -3.980020000000000000e+05 -1.658900000000000000e+05 -3.600750000000000000e+05 -2.243509000000000000e+06 2.620759000000000000e+06 1.094456000000000000e+06 2.673183000000000000e+06 1.118663000000000000e+06 -1.668901000000000000e+06 7.204500000000000000e+05 7.149891000000000000e+06 -1.276233000000000000e+06 -2.581938000000000000e+06 5.809830000000000000e+05 -1.221139000000000000e+06
-8.109630000000000000e+05 -4.757980000000000000e+05 6.859490000000000000e+05 -1.785440000000000000e+06 9.075100000000000000e+05 1.824881000000000000e+06 -3.326920000000000000e+05 -2.542412000000000000e+06 1.243485000000000000e+06 1.588458000000000000e+06 8.218720000000000000e+05 -3.624508000000000000e+06 -3.118721000000000000e+06 -3.313873000000000000e+06 7.374290000000000000e+05 -1.276233000000000000e+06 7.601314000000000000e+06 -1.872165000000000000e+06 1.697990000000000000e+05 2.280891000000000000e+06
-9.041920000000000000e+05 -5.208980000000000000e+05 -9.004870000000000000e+05 -1.412208000000000000e+06 -7.915190000000000000e+05 -9.234970000000000000e+05 -4.143680000000000000e+05 -5.317580000000000000e+05 4.918440000000000000e+05 -8.187090000000000000e+05 -1.150328000000000000e+06 4.442900000000000000e+05 -4.015800000000000000e+05 4.674322000000000000e+06 2.290423000000000000e+06 -2.581938000000000000e+06 -1.872165000000000000e+06 8.504945000000000000e+06 1.127858000000000000e+06 -2.274758000000000000e+06
-6.842920000000000000e+05 -5.195130000000000000e+05 -7.389810000000000000e+05 8.590060000000000000e+05 1.587148000000000000e+06 -1.547575000000000000e+06 1.376381000000000000e+06 3.917330000000000000e+05 -7.747860000000000000e+05 9.099070000000000000e+05 -1.267706000000000000e+06 -9.034950000000000000e+05 -3.096520000000000000e+05 1.080440000000000000e+06 2.074040000000000000e+06 5.809830000000000000e+05 1.697990000000000000e+05 1.127858000000000000e+06 3.539102000000000000e+06 -1.058070000000000000e+06
1.800589000000000000e+06 6.157910000000000000e+05 1.717346000000000000e+06 -3.718810000000000000e+05 -2.189222000000000000e+06 2.017176000000000000e+06 4.920130000000000000e+05 2.643340000000000000e+05 1.648211000000000000e+06 -4.980910000000000000e+05 -9.401990000000000000e+05 -4.994660000000000000e+05 -1.294314000000000000e+06 -2.375358000000000000e+06 -2.814880000000000000e+05 -1.221139000000000000e+06 2.280891000000000000e+06 -2.274758000000000000e+06 -1.058070000000000000e+06 7.695515000000000000e+06
