6.838244000000000000e+06 -6.412780000000000000e+05 -2.847328000000000000e+06 -1.213594000000000000e+06 -1.681655000000000000e+06 7.090310000000000000e+05 -2.907015000000000000e+06 1.267505000000000000e+06 -5.676860000000000000e+05 -9.033410000000000000e+05 1.609242000000000000e+06 -3.378179000000000000e+06 -1.068224000000000000e+06 -9.479620000000000000e+05 1.584270000000000000e+06 9.544270000000000000e+05 3.128753000000000000e+06 -9.048210000000000000e+05 -7.562960000000000000e+05 3.673110000000000000e+05
-6.412780000000000000e+05 8.045120000000000000e+06 2.703700000000000000e+04 6.701990000000000000e+05 -4.668330000000000000e+05 -3.617090000000000000e+05 -3.539412000000000000e+06 -2.145486000000000000e+06 2.899352000000000000e+06 1.115620000000000000e+05 -4.658700000000000000e+05 4.156000000000000000e+03 -9.012360000000000000e+05 1.458363000000000000e+06 -1.369596000000000000e+06 9.260450000000000000e+05 -1.536000000000000000e+03 -1.072416000000000000e+06 -1.336288000000000000e+06 1.496669000000000000e+06
-2.847328000000000000e+06 2.703700000000000000e+04 9.358056000000000000e+06 2.456385000000000000e+06 3.814406000000000000e+06 -1.403482000000000000e+06 9.278700000000000000e+05 7.332870000000000000e+05 8.097900000000000000e+04 -2.663580000000000000e+05 -2.175863000000000000e+06 -6.817680000000000000e+05 -4.315530000000000000e+05 1.102587000000000000e+06 -5.132470000000000000e+05 -1.815574000000000000e+06 6.316330000000000000e+05 6.298470000000000000e+05 3.172639000000000000e+06 -2.116650000000000000e+05
-1.213594000000000000e+06 6.701990000000000000e+05 2.456385000000000000e+06 5.541880000000000000e+06 3.619200000000000000e+04 -1.031455000000000000e+06 -1.030330000000000000e+05 1.580859000000000000e+06 6.149150000000000000e+05 5.316470000000000000e+05 -1.031215000000000000e+06 -3.496250000000000000e+05 1.473503000000000000e+06 1.700253000000000000e+06 -6.514000000000000000e+05 -4.607470000000000000e+05 -1.761518000000000000e+06 2.798500000000000000e+05 1.059921000000000000e+06 2.507900000000000000e+04
-1.681655000000000000e+06 -4.668330000000000000e+05 3.814406000000000000e+06 3.619200000000000000e+04 7.987311000000000000e+06 1.228263000000000000e+06 1.952582000000000000e+06 -7.433950000000000000e+05 -3.500880000000000000e+05 -1.177429000000000000e+06 -5.138630000000000000e+05 5.503110000000000000e+05 -2.016085000000000000e+06 -2.384695000000000000e+06 -4.840210000000000000e+05 -1.202110000000000000e+05 -6.408760000000000000e+05 -1.937660000000000000e+05 -1.342181000000000000e+06 -9.573920000000000000e+05
7.090310000000000000e+05 -3.617090000000000000e+05 -1.403482000000000000e+06 -1.031455000000000000e+06 1.228263000000000000e+06 7.357585000000000000e+06 1.179550000000000000e+06 -3.326800000000000000e+05 1.935340000000000000e+05 2.864380000000000000e+05 2.734105000000000000e+06 -6.123690000000000000e+05 1.617619000000000000e+06 1.142177000000000000e+06 2.165313000000000000e+06 -1.033902000000000000e+06 8.791490000000000000e+05 4.836610000000000000e+05 -5.466350000000000000e+05 1.316310000000000000e+06
-2.907015000000000000e+06 -3.539412000000000000e+06 9.278700000000000000e+05 -1.030330000000000000e+05 1.952582000000000000e+06 1.179550000000000000e+06 7.326124000000000000e+06 -1.013437000000000000e+06 1.825751000000000000e+06 1.181155000000000000e+06 9.471490000000000000e+05 2.041080000000000000e+06 1.506640000000000000e+05 4.841780000000000000e+05 1.901178000000000000e+06 -8.595780000000000000e+05 -1.807312000000000000e+06 3.426600000000000000e+05 -5.449010000000000000e+05 -2.220644000000000000e+06
1.267505000000000000e+06 -2.145486000000000000e+06 7.332870000000000000e+05 1.580859000000000000e+06 -7.433950000000000000e+05 -3.326800000000000000e+05 -1.013437000000000000e+06 7.855667000000000000e+06 -7.255600000000000000e+04 2.768181000000000000e+06 -4.287500000000000000e+04 -1.725561000000000000e+06 1.204262000000000000e+06 -1.210555000000000000e+06 3.372113000000000000e+06 4.002110000000000000e+05 -2.890389000000000000e+06 -9.106220000000000000e+05 2.372152000000000000e+06 8.881450000000000000e+05
-5.676860000000000000e+05 2.899352000000000000e+06 8.097900000000000000e+04 6.149150000000000000e+05 -3.500880000000000000e+05 1.935340000000000000e+05 1.825751000000000000e+06 -7.255600000000000000e+04 6.390683000000000000e+06 9.245030000000000000e+05 6.102210000000000000e+05 -6.542320000000000000e+05 -2.745127000000000000e+06 1.055010000000000000e+06 1.125285000000000000e+06 4.761700000000000000e+04 -9.545470000000000000e+05 -1.311118000000000000e+06 -1.209409000000000000e+06 -2.486190000000000000e+05
-9.033410000000000000e+05 1.115620000000000000e+05 -2.663580000000000000e+05 5.316470000000000000e+05 -1.177429000000000000e+06 2.864380000000000000e+05 1.181155000000000000e+06 2.768181000000000000e+06 9.245030000000000000e+05 5.346919000000000000e+06 -1.435835000000000000e+06 5.828120000000000000e+05 1.739930000000000000e+06 6.719260000000000000e+05 1.089745000000000000e+06 1.783800000000000000e+05 -2.763424000000000000e+06 -1.154621000000000000e+06 1.466253000000000000e+06 1.735200000000000000e+04
1.609242000000000000e+06 -4.658700000000000000e+05 -2.175863000000000000e+06 -1.031215000000000000e+06 -5.138630000000000000e+05 2.734105000000000000e+06 9.471490000000000000e+05 -4.287500000000000000e+04 6.102210000000000000e+05 -1.435835000000000000e+06 7.335320000000000000e+06 5.381130000000000000e+05 1.796141000000000000e+06 3.050194000000000000e+06 2.223973000000000000e+06 5.250630000000000000e+05 1.482980000000000000e+06 -6.914260000000000000e+05 -1.385966000000000000e+06 -1.744033000000000000e+06
-3.378179000000000000e+06 4.156000000000000000e+03 -6.817680000000000000e+05 -3.496250000000000000e+05 5.503110000000000000e+05 -6.123690000000000000e+05 2.041080000000000000e+06 -1.725561000000000000e+06 -6.542320000000000000e+05 5.828120000000000000e+05 5.381130000000000000e+05 6.119371000000000000e+06 2.000449000000000000e+06 1.256418000000000000e+06 -1.726500000000000000e+05 3.338500000000000000e+05 -4.851540000000000000e+05 -2.233946000000000000e+06 -1.779747000000000000e+06 -1.897263000000000000e+06
-1.068224000000000000e+06 -9.012360000000000000e+05 -4.315530000000000000e+05 1.473503000000000000e+06 -2.016085000000000000e+06 1.617619000000000000e+06 1.506640000000000000e+05 1.204262000000000000e+06 -2.745127000000000000e+06 1.739930000000000000e+06 1.796141000000000000e+06 2.000449000000000000e+06 7.771373000000000000e+06 2.662101000000000000e+06 1.887689000000000000e+06 8.146590000000000000e+05 -2.497960000000000000e+05 -2.736500000000000000e+04 1.664853000000000000e+06 -1.057017000000000000e+06
-9.479620000000000000e+05 1.458363000000000000e+06 1.102587000000000000e+06 1.700253000000000000e+06 -2.384695000000000000e+06 1.142177000000000000e+06 4.841780000000000000e+05 -1.210555000000000000e+06 1.055010000000000000e+06 6.719260000000000000e+05 3.050194000000000000e+06 1.256418000000000000e+06 2.662101000000000000e+06 6.454413000000000000e+06 2.682620000000000000e+05 -1.582103000000000000e+06 7.530400000000000000e+05 -1.198645000000000000e+06 3.203040000000000000e+05 -4.409220000000000000e+05
1.584270000000000000e+06 -1.369596000000000000e+06 -5.132470000000000000e+05 -6.514000000000000000e+05 -4.840210000000000000e+05 2.165313000000000000e+06 1.901178000000000000e+06 3.372113000000000000e+06 1.125285000000000000e+06 1.089745000000000000e+06 2.223973000000000000e+06 -1.726500000000000000e+05 1.887689000000000000e+06 2.682620000000000000e+05 6.938835000000000000e+06 -1.240090000000000000e+05 -8.636630000000000000e+05 -9.328760000000000000e+05 8.931990000000000000e+05 -1.802198000000000000e+06
9.544270000000000000e+05 9.260450000000000000e+05 -1.815574000000000000e+06 -4.607470000000000000e+05 -1.202110000000000000e+05 -1.033902000000000000e+06 -8.595780000000000000e+05 4.002110000000000000e+05 4.761700000000000000e+04 1.783800000000000000e+05 5.250630000000000000e+05 3.338500000000000000e+05 8.146590000000000000e+05 -1.582103000000000000e+06 -1.240090000000000000e+05 4.051159000000000000e+06 -6.401500000000000000e+05 -1.988910000000000000e+05 -9.208080000000000000e+05 -5.059550000000000000e+05
3.128753000000000000e+06 -1.536000000000000000e+03 6.316330000000000000e+05 -1.761518000000000000e+06 -6.408760000000000000e+05 8.791490000000000000e+05 -1.807312000000000000e+06 -2.890389000000000000e+06 -9.545470000000000000e+05 -2.763424000000000000e+06 1.482980000000000000e+06 -4.851540000000000000e+05 -2.497960000000000000e+05 7.530400000000000000e+05 -8.636630000000000000e+05 -6.401500000000000000e+05 6.614324000000000000e+06 -2.825370000000000000e+05 -3.037120000000000000e+05 8.005200000000000000e+04
-9.048210000000000000e+05 -1.072416000000000000e+06 6.298470000000000000e+05 2.798500000000000000e+05 -1.937660000000000000e+05 4.836610000000000000e+05 3.426600000000000000e+05 -9.106220000000000000e+05 -1.311118000000000000e+06 -1.154621000000000000e+06 -6.914260000000000000e+05 -2.233946000000000000e+06 -2.736500000000000000e+04 -1.198645000000000000e+06 -9.328760000000000000e+05 -1.988910000000000000e+05 -2.825370000000000000e+05 4.244533000000000000e+06 1.599723000000000000e+06 5.535980000000000000e+05
-7.562960000000000000e+05 -1.336288000000000000e+06 3.172639000000000000e+06 1.059921000000000000e+06 -1.342181000000000000e+06 -5.466350000000000000e+05 -5.449010000000000000e+05 2.372152000000000000e+06 -1.209409000000000000e+06 1.466253000000000000e+06 -1.385966000000000000e+06 -1.779747000000000000e+06 1.664853000000000000e+06 3.203040000000000000e+05 8.931990000000000000e+05 -9.208080000000000000e+05 -3.037120000000000000e+05 1.599723000000000000e+06 5.138529000000000000e+06 -1.140538000000000000e+06
3.673110000000000000e+05 1.496669000000000000e+06 -2.116650000000000000e+05 2.507900000000000000e+04 -9.573920000000000000e+05 1.316310000000000000e+06 -2.220644000000000000e+06 8.881450000000000000e+05 -2.486190000000000000e+05 1.735200000000000000e+04 -1.744033000000000000e+06 -1.897263000000000000e+06 -1.057017000000000000e+06 -4.409220000000000000e+05 -1.802198000000000000e+06 -5.059550000000000000e+05 8.005200000000000000e+04 5.535980000000000000e+05 -1.140538000000000000e+06 7.153415000000000000e+06
