6.984186000000000000e+06 9.829180000000000000e+05 -2.678384000000000000e+06 2.237632000000000000e+06 -8.970810000000000000e+05 -3.079210000000000000e+05 2.685178000000000000e+06 -4.667000000000000000e+05 -3.106082000000000000e+06 1.253009000000000000e+06 -1.381167000000000000e+06 -1.503415000000000000e+06 8.828930000000000000e+05 -2.004362000000000000e+06 -7.921020000000000000e+05 -3.734037000000000000e+06 6.578010000000000000e+05 1.156782000000000000e+06 -1.183169000000000000e+06 3.258395000000000000e+06
9.829180000000000000e+05 6.726626000000000000e+06 -1.517083000000000000e+06 -6.630540000000000000e+05 1.292360000000000000e+05 1.544510000000000000e+06 -2.743805000000000000e+06 -4.901880000000000000e+05 -2.353695000000000000e+06 -2.474770000000000000e+05 5.778700000000000000e+05 -2.438717000000000000e+06 -1.863807000000000000e+06 7.878290000000000000e+05 -9.051450000000000000e+05 -2.604044000000000000e+06 -1.171509000000000000e+06 -2.365901000000000000e+06 9.023450000000000000e+05 -6.029300000000000000e+04
-2.678384000000000000e+06 -1.517083000000000000e+06 6.949156000000000000e+06 -4.624130000000000000e+05 6.572500000000000000e+04 -4.930300000000000000e+04 -3.528650000000000000e+05 1.514720000000000000e+05 3.033690000000000000e+05 1.647529000000000000e+06 2.349899000000000000e+06 -1.038824000000000000e+06 2.251469000000000000e+06 2.624819000000000000e+06 2.369674000000000000e+06 9.407110000000000000e+05 -1.923241000000000000e+06 -8.664550000000000000e+05 2.606243000000000000e+06 -9.576510000000000000e+05
2.237632000000000000e+06 -6.630540000000000000e+05 -4.624130000000000000e+05 7.318462000000000000e+06 2.334657000000000000e+06 -5.175800000000000000e+05 1.854520000000000000e+06 -2.224290000000000000e+05 -3.689780000000000000e+05 -2.022888000000000000e+06 1.349093000000000000e+06 -1.283500000000000000e+06 2.097528000000000000e+06 -1.554846000000000000e+06 6.131760000000000000e+05 -7.018730000000000000e+05 -4.148370000000000000e+05 1.798405000000000000e+06 -5.307040000000000000e+05 4.567516000000000000e+06
-8.970810000000000000e+05 1.292360000000000000e+05 6.572500000000000000e+04 2.334657000000000000e+06 6.983937000000000000e+06 -1.982048000000000000e+06 1.603257000000000000e+06 -1.015249000000000000e+06 1.070616000000000000e+06 -2.622465000000000000e+06 1.060142000000000000e+06 -3.886410000000000000e+05 -1.703032000000000000e+06 2.820179000000000000e+06 1.271519000000000000e+06 -1.521140000000000000e+05 1.823170000000000000e+05 -8.466500000000000000e+05 1.454367000000000000e+06 -8.795200000000000000e+05
-3.079210000000000000e+05 1.544510000000000000e+06 -4.930300000000000000e+04 -5.175800000000000000e+05 -1.982048000000000000e+06 7.744817000000000000e+06 -1.910501000000000000e+06 1.103437000000000000e+06 -2.136802000000000000e+06 -9.654680000000000000e+05 3.174390000000000000e+05 -9.022350000000000000e+05 -2.505700000000000000e+05 1.569906000000000000e+06 -1.105249000000000000e+06 -4.182000000000000000e+04 -2.896186000000000000e+06 -2.161990000000000000e+06 -8.530030000000000000e+05 8.347180000000000000e+05
2.685178000000000000e+06 -2.743805000000000000e+06 -3.528650000000000000e+05 1.854520000000000000e+06 1.603257000000000000e+06 -1.910501000000000000e+06 8.117168000000000000e+06 1.357290000000000000e+05 3.428920000000000000e+05 2.485111000000000000e+06 -1.175110000000000000e+05 -4.048780000000000000e+05 1.041950000000000000e+06 1.640164000000000000e+06 1.704097000000000000e+06 6.738990000000000000e+05 2.329437000000000000e+06 1.751157000000000000e+06 -1.012247000000000000e+06 -9.195480000000000000e+05
-4.667000000000000000e+05 -4.901880000000000000e+05 1.514720000000000000e+05 -2.224290000000000000e+05 -1.015249000000000000e+06 1.103437000000000000e+06 1.357290000000000000e+05 5.566985000000000000e+06 1.525745000000000000e+06 2.590260000000000000e+05 -1.114250000000000000e+05 -5.386890000000000000e+05 -6.179660000000000000e+05 1.317968000000000000e+06 -1.403688000000000000e+06 2.494444000000000000e+06 1.709447000000000000e+06 2.223157000000000000e+06 -9.729900000000000000e+04 -1.286466000000000000e+06
-3.106082000000000000e+06 -2.353695000000000000e+06 3.033690000000000000e+05 -3.689780000000000000e+05 1.070616000000000000e+06 -2.136802000000000000e+06 3.428920000000000000e+05 1.525745000000000000e+06 8.220174000000000000e+06 -2.026650000000000000e+05 2.977240000000000000e+05 -9.867780000000000000e+05 -3.217722000000000000e+06 1.486223000000000000e+06 2.130778000000000000e+06 2.435553000000000000e+06 8.013680000000000000e+05 2.185020000000000000e+05 -1.843830000000000000e+05 -3.283177000000000000e+06
1.253009000000000000e+06 -2.474770000000000000e+05 1.647529000000000000e+06 -2.022888000000000000e+06 -2.622465000000000000e+06 -9.654680000000000000e+05 2.485111000000000000e+06 2.590260000000000000e+05 -2.026650000000000000e+05 5.605179000000000000e+06 8.328080000000000000e+05 4.731320000000000000e+05 7.682170000000000000e+05 8.343370000000000000e+05 7.945010000000000000e+05 5.417100000000000000e+05 1.692129000000000000e+06 1.104580000000000000e+05 4.758520000000000000e+05 -2.049981000000000000e+06
-1.381167000000000000e+06 5.778700000000000000e+05 2.349899000000000000e+06 1.349093000000000000e+06 1.060142000000000000e+06 3.174390000000000000e+05 -1.175110000000000000e+05 -1.114250000000000000e+05 2.977240000000000000e+05 8.328080000000000000e+05 5.985740000000000000e+06 -6.451130000000000000e+05 1.599214000000000000e+06 1.301916000000000000e+06 1.910498000000000000e+06 -2.007980000000000000e+05 -6.823100000000000000e+04 -1.058032000000000000e+06 -1.168860000000000000e+05 -1.811388000000000000e+06
-1.503415000000000000e+06 -2.438717000000000000e+06 -1.038824000000000000e+06 -1.283500000000000000e+06 -3.886410000000000000e+05 -9.022350000000000000e+05 -4.048780000000000000e+05 -5.386890000000000000e+05 -9.867780000000000000e+05 4.731320000000000000e+05 -6.451130000000000000e+05 5.525296000000000000e+06 6.011700000000000000e+04 -5.299320000000000000e+05 -1.033350000000000000e+06 2.485724000000000000e+06 2.045047000000000000e+06 1.227745000000000000e+06 -9.272930000000000000e+05 -8.012630000000000000e+05
8.828930000000000000e+05 -1.863807000000000000e+06 2.251469000000000000e+06 2.097528000000000000e+06 -1.703032000000000000e+06 -2.505700000000000000e+05 1.041950000000000000e+06 -6.179660000000000000e+05 -3.217722000000000000e+06 7.682170000000000000e+05 1.599214000000000000e+06 6.011700000000000000e+04 6.809958000000000000e+06 -3.538960000000000000e+06 7.580880000000000000e+05 -7.091420000000000000e+05 2.774500000000000000e+05 1.611299000000000000e+06 -2.347840000000000000e+05 2.890574000000000000e+06
-2.004362000000000000e+06 7.878290000000000000e+05 2.624819000000000000e+06 -1.554846000000000000e+06 2.820179000000000000e+06 1.569906000000000000e+06 1.640164000000000000e+06 1.317968000000000000e+06 1.486223000000000000e+06 8.343370000000000000e+05 1.301916000000000000e+06 -5.299320000000000000e+05 -3.538960000000000000e+06 7.459896000000000000e+06 1.910405000000000000e+06 9.727610000000000000e+05 -5.824760000000000000e+05 -1.629696000000000000e+06 1.161144000000000000e+06 -4.824354000000000000e+06
-7.921020000000000000e+05 -9.051450000000000000e+05 2.369674000000000000e+06 6.131760000000000000e+05 1.271519000000000000e+06 -1.105249000000000000e+06 1.704097000000000000e+06 -1.403688000000000000e+06 2.130778000000000000e+06 7.945010000000000000e+05 1.910498000000000000e+06 -1.033350000000000000e+06 7.580880000000000000e+05 1.910405000000000000e+06 5.096867000000000000e+06 -8.139640000000000000e+05 8.267810000000000000e+05 -2.119317000000000000e+06 -4.003900000000000000e+05 -3.311838000000000000e+06
-3.734037000000000000e+06 -2.604044000000000000e+06 9.407110000000000000e+05 -7.018730000000000000e+05 -1.521140000000000000e+05 -4.182000000000000000e+04 6.738990000000000000e+05 2.494444000000000000e+06 2.435553000000000000e+06 5.417100000000000000e+05 -2.007980000000000000e+05 2.485724000000000000e+06 -7.091420000000000000e+05 9.727610000000000000e+05 -8.139640000000000000e+05 7.359188000000000000e+06 8.457020000000000000e+05 1.521881000000000000e+06 -9.608750000000000000e+05 -2.842647000000000000e+06
6.578010000000000000e+05 -1.171509000000000000e+06 -1.923241000000000000e+06 -4.148370000000000000e+05 1.823170000000000000e+05 -2.896186000000000000e+06 2.329437000000000000e+06 1.709447000000000000e+06 8.013680000000000000e+05 1.692129000000000000e+06 -6.823100000000000000e+04 2.045047000000000000e+06 2.774500000000000000e+05 -5.824760000000000000e+05 8.267810000000000000e+05 8.457020000000000000e+05 7.811299000000000000e+06 9.287640000000000000e+05 1.011446000000000000e+06 -1.338866000000000000e+06
1.156782000000000000e+06 -2.365901000000000000e+06 -8.664550000000000000e+05 1.798405000000000000e+06 -8.466500000000000000e+05 -2.161990000000000000e+06 1.751157000000000000e+06 2.223157000000000000e+06 2.185020000000000000e+05 1.104580000000000000e+05 -1.058032000000000000e+06 1.227745000000000000e+06 1.611299000000000000e+06 -1.629696000000000000e+06 -2.119317000000000000e+06 1.521881000000000000e+06 9.287640000000000000e+05 6.329398000000000000e+06 -1.497708000000000000e+06 2.024455000000000000e+06
-1.183169000000000000e+06 9.023450000000000000e+05 2.606243000000000000e+06 -5.307040000000000000e+05 1.454367000000000000e+06 -8.530030000000000000e+05 -1.012247000000000000e+06 -9.729900000000000000e+04 -1.843830000000000000e+05 4.758520000000000000e+05 -1.168860000000000000e+05 -9.272930000000000000e+05 -2.347840000000000000e+05 1.161144000000000000e+06 -4.003900000000000000e+05 -9.608750000000000000e+05 1.011446000000000000e+06 -1.497708000000000000e+06 5.131507000000000000e+06 1.991153000000000000e+06
3.258395000000000000e+06 -6.029300000000000000e+04 -9.576510000000000000e+05 4.567516000000000000e+06 -8.795200000000000000e+05 8.347180000000000000e+05 -9.195480000000000000e+05 -1.286466000000000000e+06 -3.283177000000000000e+06 -2.049981000000000000e+06 -1.811388000000000000e+06 -8.012630000000000000e+05 2.890574000000000000e+06 -4.824354000000000000e+06 -3.311838000000000000e+06 -2.842647000000000000e+06 -1.338866000000000000e+06 2.024455000000000000e+06 1.991153000000000000e+06 1.047332400000000000e+07
