7.102694000000000000e+06 -2.131861000000000000e+06 -7.751250000000000000e+05 2.179749000000000000e+06 6.136880000000000000e+05 -9.905840000000000000e+05 6.057660000000000000e+05 2.115100000000000000e+05 9.494260000000000000e+05 -5.333690000000000000e+05 2.162960000000000000e+05 -6.002700000000000000e+04 1.847742000000000000e+06 1.587721000000000000e+06 1.958678000000000000e+06 -2.123202000000000000e+06 1.111902000000000000e+06 8.613990000000000000e+05 -7.206300000000000000e+05 -1.678745000000000000e+06
-2.131861000000000000e+06 5.595243000000000000e+06 8.053600000000000000e+04 -2.187190000000000000e+06 -1.365740000000000000e+06 -1.804186000000000000e+06 1.338338000000000000e+06 -9.253020000000000000e+05 1.531217000000000000e+06 -7.456220000000000000e+05 -1.605598000000000000e+06 2.464450000000000000e+05 -4.128750000000000000e+05 1.727482000000000000e+06 2.099010000000000000e+05 2.101444000000000000e+06 -1.313282000000000000e+06 1.837857000000000000e+06 9.847970000000000000e+05 2.196287000000000000e+06
-7.751250000000000000e+05 8.053600000000000000e+04 7.439175000000000000e+06 1.292290000000000000e+05 2.570840000000000000e+06 -2.721320000000000000e+06 -2.041832000000000000e+06 2.712090000000000000e+05 -6.413020000000000000e+05 -4.431600000000000000e+04 3.662870000000000000e+05 1.198480000000000000e+05 7.456800000000000000e+04 1.153500000000000000e+05 -2.238394000000000000e+06 1.486423000000000000e+06 1.886212000000000000e+06 -2.516193000000000000e+06 2.317742000000000000e+06 4.622830000000000000e+05
2.179749000000000000e+06 -2.187190000000000000e+06 1.292290000000000000e+05 7.762686000000000000e+06 -5.152470000000000000e+05 1.263867000000000000e+06 -5.092290000000000000e+05 -2.230972000000000000e+06 1.300871000000000000e+06 9.711020000000000000e+05 2.661817000000000000e+06 1.719970000000000000e+05 2.208062000000000000e+06 -1.423855000000000000e+06 3.943560000000000000e+05 -3.644215000000000000e+06 2.559752000000000000e+06 -4.368610000000000000e+05 -1.540731000000000000e+06 -5.715800000000000000e+04
6.136880000000000000e+05 -1.365740000000000000e+06 2.570840000000000000e+06 -5.152470000000000000e+05 5.751825000000000000e+06 -2.010959000000000000e+06 -1.993144000000000000e+06 2.063185000000000000e+06 1.220262000000000000e+06 -2.374894000000000000e+06 1.045231000000000000e+06 8.477850000000000000e+05 1.093740000000000000e+05 5.248530000000000000e+05 -1.880110000000000000e+06 -1.005942000000000000e+06 1.234144000000000000e+06 -9.271110000000000000e+05 2.913201000000000000e+06 -9.333630000000000000e+05
-9.905840000000000000e+05 -1.804186000000000000e+06 -2.721320000000000000e+06 1.263867000000000000e+06 -2.010959000000000000e+06 1.101897600000000000e+07 -2.310797000000000000e+06 -3.344070000000000000e+06 -8.677870000000000000e+05 2.794486000000000000e+06 1.147897000000000000e+06 -9.712900000000000000e+04 -5.936550000000000000e+06 -1.166986000000000000e+06 5.426430000000000000e+05 -3.541060000000000000e+05 3.203120000000000000e+06 -1.344882000000000000e+06 -2.005508000000000000e+06 1.912789000000000000e+06
6.057660000000000000e+05 1.338338000000000000e+06 -2.041832000000000000e+06 -5.092290000000000000e+05 -1.993144000000000000e+06 -2.310797000000000000e+06 5.988350000000000000e+06 -4.948410000000000000e+05 -1.662153000000000000e+06 -4.243440000000000000e+05 -6.702170000000000000e+05 -2.827790000000000000e+05 7.115230000000000000e+05 1.467240000000000000e+05 2.360687000000000000e+06 -1.030720000000000000e+06 3.687310000000000000e+05 1.494506000000000000e+06 -2.303144000000000000e+06 -9.608220000000000000e+05
2.115100000000000000e+05 -9.253020000000000000e+05 2.712090000000000000e+05 -2.230972000000000000e+06 2.063185000000000000e+06 -3.344070000000000000e+06 -4.948410000000000000e+05 6.230201000000000000e+06 4.475300000000000000e+05 -1.650632000000000000e+06 -1.008390000000000000e+06 1.265660000000000000e+05 1.390858000000000000e+06 9.065000000000000000e+05 -8.787800000000000000e+05 3.493640000000000000e+05 -1.538185000000000000e+06 -4.927420000000000000e+05 2.369528000000000000e+06 -2.025974000000000000e+06
9.494260000000000000e+05 1.531217000000000000e+06 -6.413020000000000000e+05 1.300871000000000000e+06 1.220262000000000000e+06 -8.677870000000000000e+05 -1.662153000000000000e+06 4.475300000000000000e+05 8.273904000000000000e+06 9.948300000000000000e+04 -1.914040000000000000e+05 1.818420000000000000e+05 8.629750000000000000e+05 3.446678000000000000e+06 -2.677160000000000000e+05 5.283790000000000000e+05 6.682450000000000000e+05 1.207468000000000000e+06 2.494276000000000000e+06 1.243956000000000000e+06
-5.333690000000000000e+05 -7.456220000000000000e+05 -4.431600000000000000e+04 9.711020000000000000e+05 -2.374894000000000000e+06 2.794486000000000000e+06 -4.243440000000000000e+05 -1.650632000000000000e+06 9.948300000000000000e+04 8.469216000000000000e+06 -1.029500000000000000e+04 -4.038611000000000000e+06 -2.091720000000000000e+06 -1.465628000000000000e+06 2.959203000000000000e+06 1.678391000000000000e+06 3.851620000000000000e+05 -4.027471000000000000e+06 -9.340670000000000000e+05 -2.187928000000000000e+06
2.162960000000000000e+05 -1.605598000000000000e+06 3.662870000000000000e+05 2.661817000000000000e+06 1.045231000000000000e+06 1.147897000000000000e+06 -6.702170000000000000e+05 -1.008390000000000000e+06 -1.914040000000000000e+05 -1.029500000000000000e+04 5.084016000000000000e+06 1.087188000000000000e+06 -1.762770000000000000e+05 -8.552260000000000000e+05 1.139780000000000000e+05 -6.284090000000000000e+05 1.703192000000000000e+06 -8.082340000000000000e+05 -6.101160000000000000e+05 -6.047640000000000000e+05
-6.002700000000000000e+04 2.464450000000000000e+05 1.198480000000000000e+05 1.719970000000000000e+05 8.477850000000000000e+05 -9.712900000000000000e+04 -2.827790000000000000e+05 1.265660000000000000e+05 1.818420000000000000e+05 -4.038611000000000000e+06 1.087188000000000000e+06 6.836677000000000000e+06 1.109336000000000000e+06 1.739588000000000000e+06 -7.967060000000000000e+05 -1.734176000000000000e+06 -5.314300000000000000e+04 7.040570000000000000e+05 1.230224000000000000e+06 3.944638000000000000e+06
1.847742000000000000e+06 -4.128750000000000000e+05 7.456800000000000000e+04 2.208062000000000000e+06 1.093740000000000000e+05 -5.936550000000000000e+06 7.115230000000000000e+05 1.390858000000000000e+06 8.629750000000000000e+05 -2.091720000000000000e+06 -1.762770000000000000e+05 1.109336000000000000e+06 7.849724000000000000e+06 1.639731000000000000e+06 -1.100697000000000000e+06 -1.439675000000000000e+06 -3.156780000000000000e+05 1.182719000000000000e+06 5.286380000000000000e+05 5.636780000000000000e+05
1.587721000000000000e+06 1.727482000000000000e+06 1.153500000000000000e+05 -1.423855000000000000e+06 5.248530000000000000e+05 -1.166986000000000000e+06 1.467240000000000000e+05 9.065000000000000000e+05 3.446678000000000000e+06 -1.465628000000000000e+06 -8.552260000000000000e+05 1.739588000000000000e+06 1.639731000000000000e+06 6.626394000000000000e+06 -1.946712000000000000e+06 1.211433000000000000e+06 1.514150000000000000e+06 1.388810000000000000e+06 1.533167000000000000e+06 2.049190000000000000e+06
1.958678000000000000e+06 2.099010000000000000e+05 -2.238394000000000000e+06 3.943560000000000000e+05 -1.880110000000000000e+06 5.426430000000000000e+05 2.360687000000000000e+06 -8.787800000000000000e+05 -2.677160000000000000e+05 2.959203000000000000e+06 1.139780000000000000e+05 -7.967060000000000000e+05 -1.100697000000000000e+06 -1.946712000000000000e+06 6.288522000000000000e+06 -6.753730000000000000e+05 -2.835060000000000000e+05 -4.535070000000000000e+05 -5.342840000000000000e+05 -1.390434000000000000e+06
-2.123202000000000000e+06 2.101444000000000000e+06 1.486423000000000000e+06 -3.644215000000000000e+06 -1.005942000000000000e+06 -3.541060000000000000e+05 -1.030720000000000000e+06 3.493640000000000000e+05 5.283790000000000000e+05 1.678391000000000000e+06 -6.284090000000000000e+05 -1.734176000000000000e+06 -1.439675000000000000e+06 1.211433000000000000e+06 -6.753730000000000000e+05 5.016203000000000000e+06 -6.768610000000000000e+05 -1.000340000000000000e+05 1.098948000000000000e+06 6.209420000000000000e+05
1.111902000000000000e+06 -1.313282000000000000e+06 1.886212000000000000e+06 2.559752000000000000e+06 1.234144000000000000e+06 3.203120000000000000e+06 3.687310000000000000e+05 -1.538185000000000000e+06 6.682450000000000000e+05 3.851620000000000000e+05 1.703192000000000000e+06 -5.314300000000000000e+04 -3.156780000000000000e+05 1.514150000000000000e+06 -2.835060000000000000e+05 -6.768610000000000000e+05 8.505284000000000000e+06 -1.719127000000000000e+06 1.808200000000000000e+05 1.996640000000000000e+06
8.613990000000000000e+05 1.837857000000000000e+06 -2.516193000000000000e+06 -4.368610000000000000e+05 -9.271110000000000000e+05 -1.344882000000000000e+06 1.494506000000000000e+06 -4.927420000000000000e+05 1.207468000000000000e+06 -4.027471000000000000e+06 -8.082340000000000000e+05 7.040570000000000000e+05 1.182719000000000000e+06 1.388810000000000000e+06 -4.535070000000000000e+05 -1.000340000000000000e+05 -1.719127000000000000e+06 5.190537000000000000e+06 -1.209051000000000000e+06 6.021450000000000000e+05
-7.206300000000000000e+05 9.847970000000000000e+05 2.317742000000000000e+06 -1.540731000000000000e+06 2.913201000000000000e+06 -2.005508000000000000e+06 -2.303144000000000000e+06 2.369528000000000000e+06 2.494276000000000000e+06 -9.340670000000000000e+05 -6.101160000000000000e+05 1.230224000000000000e+06 5.286380000000000000e+05 1.533167000000000000e+06 -5.342840000000000000e+05 1.098948000000000000e+06 1.808200000000000000e+05 -1.209051000000000000e+06 5.070655000000000000e+06 1.560438000000000000e+06
-1.678745000000000000e+06 2.196287000000000000e+06 4.622830000000000000e+05 -5.715800000000000000e+04 -9.333630000000000000e+05 1.912789000000000000e+06 -9.608220000000000000e+05 -2.025974000000000000e+06 1.243956000000000000e+06 -2.187928000000000000e+06 -6.047640000000000000e+05 3.944638000000000000e+06 5.636780000000000000e+05 2.049190000000000000e+06 -1.390434000000000000e+06 6.209420000000000000e+05 1.996640000000000000e+06 6.021450000000000000e+05 1.560438000000000000e+06 6.341768000000000000e+06
