7.038973000000000000e+06 -2.314890000000000000e+05 -1.463670000000000000e+06 -9.096670000000000000e+05 1.390321000000000000e+06 1.869573000000000000e+06 -9.456170000000000000e+05 -6.273580000000000000e+05 4.362700000000000000e+04 1.044290000000000000e+06 -3.343640000000000000e+05 2.223487000000000000e+06 -4.970480000000000000e+05 1.093270000000000000e+06 1.405730000000000000e+05 -7.010000000000000000e+03 2.495409000000000000e+06 1.166464000000000000e+06 5.650800000000000000e+05 6.373130000000000000e+05
-2.314890000000000000e+05 8.338823000000000000e+06 -1.100497000000000000e+06 -2.362410000000000000e+05 1.319475000000000000e+06 -9.487550000000000000e+05 2.515333000000000000e+06 2.392940000000000000e+05 -7.590000000000000000e+02 -1.357299000000000000e+06 2.913279000000000000e+06 -9.010740000000000000e+05 -2.176935000000000000e+06 -2.431358000000000000e+06 -4.877250000000000000e+05 -5.153348000000000000e+06 1.725020000000000000e+05 8.368020000000000000e+05 -2.185150000000000000e+05 1.395519000000000000e+06
-1.463670000000000000e+06 -1.100497000000000000e+06 6.360761000000000000e+06 1.819635000000000000e+06 -1.779700000000000000e+05 1.061734000000000000e+06 -2.994320000000000000e+05 2.368048000000000000e+06 -2.789910000000000000e+06 2.199817000000000000e+06 1.724060000000000000e+06 -9.298290000000000000e+05 3.051203000000000000e+06 1.076036000000000000e+06 -7.102100000000000000e+04 1.977789000000000000e+06 2.352802000000000000e+06 -1.476731000000000000e+06 2.289384000000000000e+06 -2.294170000000000000e+06
-9.096670000000000000e+05 -2.362410000000000000e+05 1.819635000000000000e+06 7.308178000000000000e+06 -1.113123000000000000e+06 -6.366390000000000000e+05 -4.732870000000000000e+05 1.473000000000000000e+04 -3.945860000000000000e+05 -1.122260000000000000e+05 6.536910000000000000e+05 -2.047572000000000000e+06 1.738183000000000000e+06 -8.021320000000000000e+05 -8.198400000000000000e+04 2.316699000000000000e+06 -5.527390000000000000e+05 -1.650883000000000000e+06 1.260113000000000000e+06 -8.689090000000000000e+05
1.390321000000000000e+06 1.319475000000000000e+06 -1.779700000000000000e+05 -1.113123000000000000e+06 7.686074000000000000e+06 -1.899105000000000000e+06 2.418713000000000000e+06 9.605840000000000000e+05 3.561630000000000000e+05 -1.137997000000000000e+06 9.021070000000000000e+05 1.785215000000000000e+06 2.004900000000000000e+05 2.049230000000000000e+05 5.361060000000000000e+05 4.579850000000000000e+05 2.045781000000000000e+06 -1.727950000000000000e+06 -2.057282000000000000e+06 4.551251000000000000e+06
1.869573000000000000e+06 -9.487550000000000000e+05 1.061734000000000000e+06 -6.366390000000000000e+05 -1.899105000000000000e+06 6.546169000000000000e+06 4.270700000000000000e+04 4.821350000000000000e+05 -6.791790000000000000e+05 2.914460000000000000e+06 2.245190000000000000e+05 -1.344390000000000000e+05 1.346054000000000000e+06 -8.706280000000000000e+05 1.354046000000000000e+06 -8.060310000000000000e+05 -1.419410000000000000e+06 1.432698000000000000e+06 -1.963140000000000000e+05 -3.204803000000000000e+06
-9.456170000000000000e+05 2.515333000000000000e+06 -2.994320000000000000e+05 -4.732870000000000000e+05 2.418713000000000000e+06 4.270700000000000000e+04 6.751471000000000000e+06 4.865810000000000000e+05 1.351182000000000000e+06 1.188734000000000000e+06 -1.038032000000000000e+06 7.015030000000000000e+05 -3.341805000000000000e+06 -2.318800000000000000e+04 6.010780000000000000e+05 -2.942000000000000000e+03 -4.052300000000000000e+05 -2.850940000000000000e+05 -1.922464000000000000e+06 1.767498000000000000e+06
-6.273580000000000000e+05 2.392940000000000000e+05 2.368048000000000000e+06 1.473000000000000000e+04 9.605840000000000000e+05 4.821350000000000000e+05 4.865810000000000000e+05 5.605539000000000000e+06 -2.383928000000000000e+06 1.889090000000000000e+06 2.190500000000000000e+06 -1.603498000000000000e+06 8.857370000000000000e+05 1.555480000000000000e+06 1.273465000000000000e+06 7.655130000000000000e+05 -5.745300000000000000e+05 1.535385000000000000e+06 1.017550000000000000e+06 8.635950000000000000e+05
4.362700000000000000e+04 -7.590000000000000000e+02 -2.789910000000000000e+06 -3.945860000000000000e+05 3.561630000000000000e+05 -6.791790000000000000e+05 1.351182000000000000e+06 -2.383928000000000000e+06 4.463027000000000000e+06 4.516680000000000000e+05 -2.902054000000000000e+06 2.068038000000000000e+06 -2.355373000000000000e+06 9.155240000000000000e+05 1.126394000000000000e+06 6.652680000000000000e+05 -2.688199000000000000e+06 -3.300820000000000000e+05 -7.936750000000000000e+05 2.054427000000000000e+06
1.044290000000000000e+06 -1.357299000000000000e+06 2.199817000000000000e+06 -1.122260000000000000e+05 -1.137997000000000000e+06 2.914460000000000000e+06 1.188734000000000000e+06 1.889090000000000000e+06 4.516680000000000000e+05 7.254304000000000000e+06 -8.933020000000000000e+05 -5.571290000000000000e+05 -1.697610000000000000e+06 2.392423000000000000e+06 2.080406000000000000e+06 1.423408000000000000e+06 -1.456990000000000000e+06 6.085100000000000000e+05 1.032656000000000000e+06 -1.548703000000000000e+06
-3.343640000000000000e+05 2.913279000000000000e+06 1.724060000000000000e+06 6.536910000000000000e+05 9.021070000000000000e+05 2.245190000000000000e+05 -1.038032000000000000e+06 2.190500000000000000e+06 -2.902054000000000000e+06 -8.933020000000000000e+05 5.580253000000000000e+06 -1.164916000000000000e+06 1.563847000000000000e+06 -1.161368000000000000e+06 7.285770000000000000e+05 -1.883601000000000000e+06 7.790040000000000000e+05 1.509116000000000000e+06 -1.703270000000000000e+05 -1.494761000000000000e+06
2.223487000000000000e+06 -9.010740000000000000e+05 -9.298290000000000000e+05 -2.047572000000000000e+06 1.785215000000000000e+06 -1.344390000000000000e+05 7.015030000000000000e+05 -1.603498000000000000e+06 2.068038000000000000e+06 -5.571290000000000000e+05 -1.164916000000000000e+06 7.107811000000000000e+06 -5.866680000000000000e+05 1.873718000000000000e+06 8.610150000000000000e+05 1.729252000000000000e+06 2.504180000000000000e+05 -4.997080000000000000e+05 -3.352774000000000000e+06 1.340203000000000000e+06
-4.970480000000000000e+05 -2.176935000000000000e+06 3.051203000000000000e+06 1.738183000000000000e+06 2.004900000000000000e+05 1.346054000000000000e+06 -3.341805000000000000e+06 8.857370000000000000e+05 -2.355373000000000000e+06 -1.697610000000000000e+06 1.563847000000000000e+06 -5.866680000000000000e+05 6.485069000000000000e+06 -7.483900000000000000e+04 -5.345720000000000000e+05 4.996730000000000000e+05 1.235137000000000000e+06 -8.279470000000000000e+05 7.457770000000000000e+05 -2.385652000000000000e+06
1.093270000000000000e+06 -2.431358000000000000e+06 1.076036000000000000e+06 -8.021320000000000000e+05 2.049230000000000000e+05 -8.706280000000000000e+05 -2.318800000000000000e+04 1.555480000000000000e+06 9.155240000000000000e+05 2.392423000000000000e+06 -1.161368000000000000e+06 1.873718000000000000e+06 -7.483900000000000000e+04 7.313431000000000000e+06 1.679050000000000000e+06 1.333102000000000000e+06 -1.098483000000000000e+06 -3.724470000000000000e+05 -8.606450000000000000e+05 4.896820000000000000e+05
1.405730000000000000e+05 -4.877250000000000000e+05 -7.102100000000000000e+04 -8.198400000000000000e+04 5.361060000000000000e+05 1.354046000000000000e+06 6.010780000000000000e+05 1.273465000000000000e+06 1.126394000000000000e+06 2.080406000000000000e+06 7.285770000000000000e+05 8.610150000000000000e+05 -5.345720000000000000e+05 1.679050000000000000e+06 4.036729000000000000e+06 4.388950000000000000e+05 -1.077276000000000000e+06 1.665789000000000000e+06 -6.541460000000000000e+05 1.047465000000000000e+06
-7.010000000000000000e+03 -5.153348000000000000e+06 1.977789000000000000e+06 2.316699000000000000e+06 4.579850000000000000e+05 -8.060310000000000000e+05 -2.942000000000000000e+03 7.655130000000000000e+05 6.652680000000000000e+05 1.423408000000000000e+06 -1.883601000000000000e+06 1.729252000000000000e+06 4.996730000000000000e+05 1.333102000000000000e+06 4.388950000000000000e+05 7.351075000000000000e+06 -2.333850000000000000e+05 -1.501433000000000000e+06 8.714380000000000000e+05 -1.166060000000000000e+05
2.495409000000000000e+06 1.725020000000000000e+05 2.352802000000000000e+06 -5.527390000000000000e+05 2.045781000000000000e+06 -1.419410000000000000e+06 -4.052300000000000000e+05 -5.745300000000000000e+05 -2.688199000000000000e+06 -1.456990000000000000e+06 7.790040000000000000e+05 2.504180000000000000e+05 1.235137000000000000e+06 -1.098483000000000000e+06 -1.077276000000000000e+06 -2.333850000000000000e+05 9.360125000000000000e+06 -2.463410000000000000e+05 1.792289000000000000e+06 4.719880000000000000e+05
1.166464000000000000e+06 8.368020000000000000e+05 -1.476731000000000000e+06 -1.650883000000000000e+06 -1.727950000000000000e+06 1.432698000000000000e+06 -2.850940000000000000e+05 1.535385000000000000e+06 -3.300820000000000000e+05 6.085100000000000000e+05 1.509116000000000000e+06 -4.997080000000000000e+05 -8.279470000000000000e+05 -3.724470000000000000e+05 1.665789000000000000e+06 -1.501433000000000000e+06 -2.463410000000000000e+05 4.911516000000000000e+06 -1.003600000000000000e+04 -1.227062000000000000e+06
5.650800000000000000e+05 -2.185150000000000000e+05 2.289384000000000000e+06 1.260113000000000000e+06 -2.057282000000000000e+06 -1.963140000000000000e+05 -1.922464000000000000e+06 1.017550000000000000e+06 -7.936750000000000000e+05 1.032656000000000000e+06 -1.703270000000000000e+05 -3.352774000000000000e+06 7.457770000000000000e+05 -8.606450000000000000e+05 -6.541460000000000000e+05 8.714380000000000000e+05 1.792289000000000000e+06 -1.003600000000000000e+04 1.007017400000000000e+07 7.578780000000000000e+05
6.373130000000000000e+05 1.395519000000000000e+06 -2.294170000000000000e+06 -8.689090000000000000e+05 4.551251000000000000e+06 -3.204803000000000000e+06 1.767498000000000000e+06 8.635950000000000000e+05 2.054427000000000000e+06 -1.548703000000000000e+06 -1.494761000000000000e+06 1.340203000000000000e+06 -2.385652000000000000e+06 4.896820000000000000e+05 1.047465000000000000e+06 -1.166060000000000000e+05 4.719880000000000000e+05 -1.227062000000000000e+06 7.578780000000000000e+05 8.030235000000000000e+06
