4.792463000000000000e+06 -7.109740000000000000e+05 1.371726000000000000e+06 -1.253390000000000000e+05 1.485090000000000000e+05 -4.943130000000000000e+05 -3.574900000000000000e+04 -9.286080000000000000e+05 -5.783360000000000000e+05 9.011430000000000000e+05 -1.731256000000000000e+06 -1.353516000000000000e+06 4.176760000000000000e+05 -5.983520000000000000e+05 1.738910000000000000e+06 1.426068000000000000e+06 -2.279483000000000000e+06 -1.849530000000000000e+05 7.576220000000000000e+05 1.020348000000000000e+06
-7.109740000000000000e+05 7.189065000000000000e+06 -4.146580000000000000e+05 -2.925120000000000000e+06 2.104646000000000000e+06 -1.172090000000000000e+06 7.082590000000000000e+05 1.217730000000000000e+06 2.702319000000000000e+06 2.870150000000000000e+05 -8.339250000000000000e+05 -1.033100000000000000e+04 3.529256000000000000e+06 2.227993000000000000e+06 -8.245960000000000000e+05 1.083579000000000000e+06 -5.525570000000000000e+05 -7.121010000000000000e+05 2.495117000000000000e+06 2.869156000000000000e+06
1.371726000000000000e+06 -4.146580000000000000e+05 4.445934000000000000e+06 -3.817340000000000000e+05 6.384000000000000000e+04 -5.095970000000000000e+05 5.292900000000000000e+05 2.437800000000000000e+05 -9.710800000000000000e+04 2.853430000000000000e+05 1.861931000000000000e+06 -1.338090000000000000e+05 4.758220000000000000e+05 -8.996990000000000000e+05 1.418467000000000000e+06 1.378750000000000000e+06 -8.696220000000000000e+05 -1.105374000000000000e+06 1.735170000000000000e+05 1.806344000000000000e+06
-1.253390000000000000e+05 -2.925120000000000000e+06 -3.817340000000000000e+05 5.203899000000000000e+06 -3.021573000000000000e+06 1.673981000000000000e+06 -1.664377000000000000e+06 1.079331000000000000e+06 -2.102840000000000000e+05 -2.550032000000000000e+06 -1.262716000000000000e+06 -1.201097000000000000e+06 -1.930820000000000000e+06 -9.768250000000000000e+05 1.738961000000000000e+06 -1.052745000000000000e+06 -2.766890000000000000e+05 1.375500000000000000e+05 -2.083988000000000000e+06 2.666880000000000000e+05
1.485090000000000000e+05 2.104646000000000000e+06 6.384000000000000000e+04 -3.021573000000000000e+06 7.311810000000000000e+06 -3.669630000000000000e+05 2.334500000000000000e+06 -6.259120000000000000e+05 2.646480000000000000e+06 1.522011000000000000e+06 -7.090020000000000000e+05 1.689020000000000000e+06 -6.687160000000000000e+05 -1.148458000000000000e+06 -4.133420000000000000e+05 -1.125620000000000000e+06 4.743110000000000000e+05 -4.088030000000000000e+05 1.593144000000000000e+06 1.756303000000000000e+06
-4.943130000000000000e+05 -1.172090000000000000e+06 -5.095970000000000000e+05 1.673981000000000000e+06 -3.669630000000000000e+05 6.340118000000000000e+06 5.439830000000000000e+05 2.162822000000000000e+06 -2.973410000000000000e+05 -4.298981000000000000e+06 1.438720000000000000e+05 1.182530000000000000e+05 -3.321250000000000000e+06 -5.084420000000000000e+05 2.947320000000000000e+05 -3.518708000000000000e+06 7.090410000000000000e+05 -1.219642000000000000e+06 1.053665000000000000e+06 6.513940000000000000e+05
-3.574900000000000000e+04 7.082590000000000000e+05 5.292900000000000000e+05 -1.664377000000000000e+06 2.334500000000000000e+06 5.439830000000000000e+05 6.035124000000000000e+06 1.686501000000000000e+06 2.017132000000000000e+06 -1.485406000000000000e+06 1.851498000000000000e+06 1.496900000000000000e+05 2.038480000000000000e+05 -2.290540000000000000e+05 6.354960000000000000e+05 5.890710000000000000e+05 6.920520000000000000e+05 4.382600000000000000e+05 1.536940000000000000e+05 2.381179000000000000e+06
-9.286080000000000000e+05 1.217730000000000000e+06 2.437800000000000000e+05 1.079331000000000000e+06 -6.259120000000000000e+05 2.162822000000000000e+06 1.686501000000000000e+06 8.927821000000000000e+06 -1.476680000000000000e+05 -1.968264000000000000e+06 1.151972000000000000e+06 -3.472760000000000000e+05 1.291774000000000000e+06 4.898950000000000000e+05 -4.360090000000000000e+05 1.092557000000000000e+06 7.083200000000000000e+04 2.943300000000000000e+05 6.491340000000000000e+05 1.379097000000000000e+06
-5.783360000000000000e+05 2.702319000000000000e+06 -9.710800000000000000e+04 -2.102840000000000000e+05 2.646480000000000000e+06 -2.973410000000000000e+05 2.017132000000000000e+06 -1.476680000000000000e+05 9.468657000000000000e+06 -9.547000000000000000e+03 9.102070000000000000e+05 -3.409600000000000000e+04 2.164974000000000000e+06 6.855800000000000000e+04 -1.311821000000000000e+06 -9.067070000000000000e+05 4.282570000000000000e+06 -1.184348000000000000e+06 2.191828000000000000e+06 2.279268000000000000e+06
9.011430000000000000e+05 2.870150000000000000e+05 2.853430000000000000e+05 -2.550032000000000000e+06 1.522011000000000000e+06 -4.298981000000000000e+06 -1.485406000000000000e+06 -1.968264000000000000e+06 -9.547000000000000000e+03 9.601767000000000000e+06 -1.237168000000000000e+06 3.092305000000000000e+06 1.523968000000000000e+06 -6.401300000000000000e+05 1.536440000000000000e+06 2.033488000000000000e+06 1.827268000000000000e+06 7.441150000000000000e+05 -2.684000000000000000e+05 -9.855370000000000000e+05
-1.731256000000000000e+06 -8.339250000000000000e+05 1.861931000000000000e+06 -1.262716000000000000e+06 -7.090020000000000000e+05 1.438720000000000000e+05 1.851498000000000000e+06 1.151972000000000000e+06 9.102070000000000000e+05 -1.237168000000000000e+06 7.755511000000000000e+06 -2.810120000000000000e+05 2.552122000000000000e+06 -8.677370000000000000e+05 -4.876890000000000000e+05 4.558820000000000000e+05 2.211453000000000000e+06 -6.319380000000000000e+05 -5.468920000000000000e+05 4.530770000000000000e+05
-1.353516000000000000e+06 -1.033100000000000000e+04 -1.338090000000000000e+05 -1.201097000000000000e+06 1.689020000000000000e+06 1.182530000000000000e+05 1.496900000000000000e+05 -3.472760000000000000e+05 -3.409600000000000000e+04 3.092305000000000000e+06 -2.810120000000000000e+05 4.930059000000000000e+06 -6.680680000000000000e+05 -5.587340000000000000e+05 -1.882000000000000000e+04 -2.021774000000000000e+06 2.367016000000000000e+06 6.987050000000000000e+05 -8.592880000000000000e+05 -8.227240000000000000e+05
4.176760000000000000e+05 3.529256000000000000e+06 4.758220000000000000e+05 -1.930820000000000000e+06 -6.687160000000000000e+05 -3.321250000000000000e+06 2.038480000000000000e+05 1.291774000000000000e+06 2.164974000000000000e+06 1.523968000000000000e+06 2.552122000000000000e+06 -6.680680000000000000e+05 8.663122000000000000e+06 3.433550000000000000e+05 -8.611390000000000000e+05 1.571605000000000000e+06 6.854000000000000000e+05 -5.370590000000000000e+05 1.534947000000000000e+06 5.872780000000000000e+05
-5.983520000000000000e+05 2.227993000000000000e+06 -8.996990000000000000e+05 -9.768250000000000000e+05 -1.148458000000000000e+06 -5.084420000000000000e+05 -2.290540000000000000e+05 4.898950000000000000e+05 6.855800000000000000e+04 -6.401300000000000000e+05 -8.677370000000000000e+05 -5.587340000000000000e+05 3.433550000000000000e+05 4.962660000000000000e+06 -1.493238000000000000e+06 1.942190000000000000e+05 -2.519381000000000000e+06 2.245240000000000000e+05 4.096590000000000000e+05 -2.316170000000000000e+06
1.738910000000000000e+06 -8.245960000000000000e+05 1.418467000000000000e+06 1.738961000000000000e+06 -4.133420000000000000e+05 2.947320000000000000e+05 6.354960000000000000e+05 -4.360090000000000000e+05 -1.311821000000000000e+06 1.536440000000000000e+06 -4.876890000000000000e+05 -1.882000000000000000e+04 -8.611390000000000000e+05 -1.493238000000000000e+06 6.204141000000000000e+06 4.992380000000000000e+05 -1.310633000000000000e+06 4.226350000000000000e+05 -4.588850000000000000e+05 2.747028000000000000e+06
1.426068000000000000e+06 1.083579000000000000e+06 1.378750000000000000e+06 -1.052745000000000000e+06 -1.125620000000000000e+06 -3.518708000000000000e+06 5.890710000000000000e+05 1.092557000000000000e+06 -9.067070000000000000e+05 2.033488000000000000e+06 4.558820000000000000e+05 -2.021774000000000000e+06 1.571605000000000000e+06 1.942190000000000000e+05 4.992380000000000000e+05 6.964132000000000000e+06 -2.933059000000000000e+06 -1.385592000000000000e+06 -6.886400000000000000e+04 8.042920000000000000e+05
-2.279483000000000000e+06 -5.525570000000000000e+05 -8.696220000000000000e+05 -2.766890000000000000e+05 4.743110000000000000e+05 7.090410000000000000e+05 6.920520000000000000e+05 7.083200000000000000e+04 4.282570000000000000e+06 1.827268000000000000e+06 2.211453000000000000e+06 2.367016000000000000e+06 6.854000000000000000e+05 -2.519381000000000000e+06 -1.310633000000000000e+06 -2.933059000000000000e+06 8.644789000000000000e+06 1.888131000000000000e+06 1.024310000000000000e+05 3.378630000000000000e+05
-1.849530000000000000e+05 -7.121010000000000000e+05 -1.105374000000000000e+06 1.375500000000000000e+05 -4.088030000000000000e+05 -1.219642000000000000e+06 4.382600000000000000e+05 2.943300000000000000e+05 -1.184348000000000000e+06 7.441150000000000000e+05 -6.319380000000000000e+05 6.987050000000000000e+05 -5.370590000000000000e+05 2.245240000000000000e+05 4.226350000000000000e+05 -1.385592000000000000e+06 1.888131000000000000e+06 5.564797000000000000e+06 -1.984578000000000000e+06 -9.005340000000000000e+05
7.576220000000000000e+05 2.495117000000000000e+06 1.735170000000000000e+05 -2.083988000000000000e+06 1.593144000000000000e+06 1.053665000000000000e+06 1.536940000000000000e+05 6.491340000000000000e+05 2.191828000000000000e+06 -2.684000000000000000e+05 -5.468920000000000000e+05 -8.592880000000000000e+05 1.534947000000000000e+06 4.096590000000000000e+05 -4.588850000000000000e+05 -6.886400000000000000e+04 1.024310000000000000e+05 -1.984578000000000000e+06 5.795881000000000000e+06 5.008550000000000000e+05
1.020348000000000000e+06 2.869156000000000000e+06 1.806344000000000000e+06 2.666880000000000000e+05 1.756303000000000000e+06 6.513940000000000000e+05 2.381179000000000000e+06 1.379097000000000000e+06 2.279268000000000000e+06 -9.855370000000000000e+05 4.530770000000000000e+05 -8.227240000000000000e+05 5.872780000000000000e+05 -2.316170000000000000e+06 2.747028000000000000e+06 8.042920000000000000e+05 3.378630000000000000e+05 -9.005340000000000000e+05 5.008550000000000000e+05 7.682528000000000000e+06
