4.655708000000000000e+06 -5.777670000000000000e+05 -8.826830000000000000e+05 -1.190819000000000000e+06 -2.039013000000000000e+06 1.703013000000000000e+06 5.444570000000000000e+05 -4.948410000000000000e+05 1.844383000000000000e+06 -1.123361000000000000e+06 2.453960000000000000e+05 1.071001000000000000e+06 9.134760000000000000e+05 -2.870080000000000000e+05 3.661476000000000000e+06 1.942874000000000000e+06 -9.174430000000000000e+05 6.791560000000000000e+05 -4.942150000000000000e+05 -7.594710000000000000e+05
-5.777670000000000000e+05 5.944290000000000000e+06 -2.556710000000000000e+05 1.388179000000000000e+06 1.756000000000000000e+05 -9.225870000000000000e+05 -2.116700000000000000e+04 -3.241339000000000000e+06 1.604840000000000000e+05 8.665760000000000000e+05 -1.798812000000000000e+06 -1.097589000000000000e+06 1.388840000000000000e+05 -3.151934000000000000e+06 4.145890000000000000e+05 5.151150000000000000e+05 -3.874190000000000000e+05 7.523070000000000000e+05 2.778772000000000000e+06 2.458450000000000000e+05
-8.826830000000000000e+05 -2.556710000000000000e+05 7.585662000000000000e+06 -5.092920000000000000e+05 -2.407650000000000000e+05 -2.013118000000000000e+06 -1.642944000000000000e+06 2.739270000000000000e+05 -2.492985000000000000e+06 4.204500000000000000e+04 1.993141000000000000e+06 7.867780000000000000e+05 -1.337604000000000000e+06 1.310040000000000000e+06 2.737116000000000000e+06 -4.941598000000000000e+06 -6.055230000000000000e+05 -3.403500000000000000e+05 9.882200000000000000e+05 9.372200000000000000e+05
-1.190819000000000000e+06 1.388179000000000000e+06 -5.092920000000000000e+05 6.371529000000000000e+06 1.196017000000000000e+06 9.385560000000000000e+05 1.738109000000000000e+06 -1.140292000000000000e+06 1.454940000000000000e+06 4.419920000000000000e+05 -1.816316000000000000e+06 2.798100000000000000e+04 -6.282640000000000000e+05 -2.499191000000000000e+06 -7.816590000000000000e+05 -1.273407000000000000e+06 -7.875330000000000000e+05 5.869680000000000000e+05 3.910970000000000000e+05 1.964870000000000000e+05
-2.039013000000000000e+06 1.756000000000000000e+05 -2.407650000000000000e+05 1.196017000000000000e+06 6.876088000000000000e+06 5.688210000000000000e+05 -2.620590000000000000e+05 8.760410000000000000e+05 3.014450000000000000e+05 1.421969000000000000e+06 -1.466063000000000000e+06 5.729420000000000000e+05 -5.586250000000000000e+05 -1.901063000000000000e+06 -2.331341000000000000e+06 1.623125000000000000e+06 5.957440000000000000e+05 -1.131829000000000000e+06 -2.605709000000000000e+06 1.905274000000000000e+06
1.703013000000000000e+06 -9.225870000000000000e+05 -2.013118000000000000e+06 9.385560000000000000e+05 5.688210000000000000e+05 8.952766000000000000e+06 4.455622000000000000e+06 1.605000000000000000e+03 2.937127000000000000e+06 9.690740000000000000e+05 3.535840000000000000e+05 3.433399000000000000e+06 -3.561590000000000000e+05 -2.306765000000000000e+06 6.135800000000000000e+04 1.919219000000000000e+06 -3.556725000000000000e+06 7.309050000000000000e+05 -1.261637000000000000e+06 -1.851293000000000000e+06
5.444570000000000000e+05 -2.116700000000000000e+04 -1.642944000000000000e+06 1.738109000000000000e+06 -2.620590000000000000e+05 4.455622000000000000e+06 5.345240000000000000e+06 -8.952000000000000000e+04 2.044583000000000000e+06 1.516951000000000000e+06 -1.357903000000000000e+06 2.200362000000000000e+06 -1.440403000000000000e+06 -9.698480000000000000e+05 -1.347662000000000000e+06 3.130930000000000000e+05 -2.684946000000000000e+06 -1.600045000000000000e+06 -6.552120000000000000e+05 -1.807031000000000000e+06
-4.948410000000000000e+05 -3.241339000000000000e+06 2.739270000000000000e+05 -1.140292000000000000e+06 8.760410000000000000e+05 1.605000000000000000e+03 -8.952000000000000000e+04 7.403316000000000000e+06 3.018790000000000000e+05 1.978855000000000000e+06 1.406180000000000000e+06 2.645145000000000000e+06 4.215390000000000000e+05 8.219870000000000000e+05 -1.529270000000000000e+05 -1.369860000000000000e+05 -1.505310000000000000e+06 -3.784060000000000000e+05 -4.697220000000000000e+05 1.428350000000000000e+05
1.844383000000000000e+06 1.604840000000000000e+05 -2.492985000000000000e+06 1.454940000000000000e+06 3.014450000000000000e+05 2.937127000000000000e+06 2.044583000000000000e+06 3.018790000000000000e+05 4.944105000000000000e+06 6.994350000000000000e+05 -1.020107000000000000e+06 2.159676000000000000e+06 -4.146890000000000000e+05 -1.917875000000000000e+06 8.419560000000000000e+05 1.484744000000000000e+06 -1.385711000000000000e+06 -1.689930000000000000e+05 8.957600000000000000e+04 -1.728941000000000000e+06
-1.123361000000000000e+06 8.665760000000000000e+05 4.204500000000000000e+04 4.419920000000000000e+05 1.421969000000000000e+06 9.690740000000000000e+05 1.516951000000000000e+06 1.978855000000000000e+06 6.994350000000000000e+05 7.723426000000000000e+06 -1.845464000000000000e+06 3.246888000000000000e+06 2.807030000000000000e+05 -4.067450000000000000e+05 -2.435873000000000000e+06 7.055500000000000000e+05 -6.159720000000000000e+05 -6.050390000000000000e+05 -1.109882000000000000e+06 5.385390000000000000e+05
2.453960000000000000e+05 -1.798812000000000000e+06 1.993141000000000000e+06 -1.816316000000000000e+06 -1.466063000000000000e+06 3.535840000000000000e+05 -1.357903000000000000e+06 1.406180000000000000e+06 -1.020107000000000000e+06 -1.845464000000000000e+06 5.965945000000000000e+06 -7.170060000000000000e+05 7.211690000000000000e+05 2.799669000000000000e+06 2.211660000000000000e+05 -1.861786000000000000e+06 -4.648960000000000000e+05 -4.200740000000000000e+05 -1.809123000000000000e+06 1.559690000000000000e+06
1.071001000000000000e+06 -1.097589000000000000e+06 7.867780000000000000e+05 2.798100000000000000e+04 5.729420000000000000e+05 3.433399000000000000e+06 2.200362000000000000e+06 2.645145000000000000e+06 2.159676000000000000e+06 3.246888000000000000e+06 -7.170060000000000000e+05 7.112063000000000000e+06 9.411540000000000000e+05 -2.903547000000000000e+06 4.936030000000000000e+05 -1.435750000000000000e+06 -3.365329000000000000e+06 3.404300000000000000e+04 -9.861090000000000000e+05 -1.264148000000000000e+06
9.134760000000000000e+05 1.388840000000000000e+05 -1.337604000000000000e+06 -6.282640000000000000e+05 -5.586250000000000000e+05 -3.561590000000000000e+05 -1.440403000000000000e+06 4.215390000000000000e+05 -4.146890000000000000e+05 2.807030000000000000e+05 7.211690000000000000e+05 9.411540000000000000e+05 5.253776000000000000e+06 -5.233470000000000000e+05 -5.898810000000000000e+05 4.602930000000000000e+05 8.365360000000000000e+05 2.796507000000000000e+06 -5.509080000000000000e+05 1.875435000000000000e+06
-2.870080000000000000e+05 -3.151934000000000000e+06 1.310040000000000000e+06 -2.499191000000000000e+06 -1.901063000000000000e+06 -2.306765000000000000e+06 -9.698480000000000000e+05 8.219870000000000000e+05 -1.917875000000000000e+06 -4.067450000000000000e+05 2.799669000000000000e+06 -2.903547000000000000e+06 -5.233470000000000000e+05 7.087697000000000000e+06 -8.261610000000000000e+05 -6.112560000000000000e+05 3.528567000000000000e+06 1.653000000000000000e+05 -9.368090000000000000e+05 7.040350000000000000e+05
3.661476000000000000e+06 4.145890000000000000e+05 2.737116000000000000e+06 -7.816590000000000000e+05 -2.331341000000000000e+06 6.135800000000000000e+04 -1.347662000000000000e+06 -1.529270000000000000e+05 8.419560000000000000e+05 -2.435873000000000000e+06 2.211660000000000000e+05 4.936030000000000000e+05 -5.898810000000000000e+05 -8.261610000000000000e+05 1.075960600000000000e+07 -6.036880000000000000e+05 -1.665057000000000000e+06 2.588847000000000000e+06 1.525437000000000000e+06 -7.551370000000000000e+05
1.942874000000000000e+06 5.151150000000000000e+05 -4.941598000000000000e+06 -1.273407000000000000e+06 1.623125000000000000e+06 1.919219000000000000e+06 3.130930000000000000e+05 -1.369860000000000000e+05 1.484744000000000000e+06 7.055500000000000000e+05 -1.861786000000000000e+06 -1.435750000000000000e+06 4.602930000000000000e+05 -6.112560000000000000e+05 -6.036880000000000000e+05 8.234603000000000000e+06 1.213590000000000000e+05 3.320490000000000000e+05 -2.131292000000000000e+06 -8.397030000000000000e+05
-9.174430000000000000e+05 -3.874190000000000000e+05 -6.055230000000000000e+05 -7.875330000000000000e+05 5.957440000000000000e+05 -3.556725000000000000e+06 -2.684946000000000000e+06 -1.505310000000000000e+06 -1.385711000000000000e+06 -6.159720000000000000e+05 -4.648960000000000000e+05 -3.365329000000000000e+06 8.365360000000000000e+05 3.528567000000000000e+06 -1.665057000000000000e+06 1.213590000000000000e+05 6.758393000000000000e+06 2.870960000000000000e+06 1.169659000000000000e+06 7.709420000000000000e+05
6.791560000000000000e+05 7.523070000000000000e+05 -3.403500000000000000e+05 5.869680000000000000e+05 -1.131829000000000000e+06 7.309050000000000000e+05 -1.600045000000000000e+06 -3.784060000000000000e+05 -1.689930000000000000e+05 -6.050390000000000000e+05 -4.200740000000000000e+05 3.404300000000000000e+04 2.796507000000000000e+06 1.653000000000000000e+05 2.588847000000000000e+06 3.320490000000000000e+05 2.870960000000000000e+06 7.230305000000000000e+06 3.594553000000000000e+06 -6.450830000000000000e+05
-4.942150000000000000e+05 2.778772000000000000e+06 9.882200000000000000e+05 3.910970000000000000e+05 -2.605709000000000000e+06 -1.261637000000000000e+06 -6.552120000000000000e+05 -4.697220000000000000e+05 8.957600000000000000e+04 -1.109882000000000000e+06 -1.809123000000000000e+06 -9.861090000000000000e+05 -5.509080000000000000e+05 -9.368090000000000000e+05 1.525437000000000000e+06 -2.131292000000000000e+06 1.169659000000000000e+06 3.594553000000000000e+06 8.606429000000000000e+06 -2.005546000000000000e+06
-7.594710000000000000e+05 2.458450000000000000e+05 9.372200000000000000e+05 1.964870000000000000e+05 1.905274000000000000e+06 -1.851293000000000000e+06 -1.807031000000000000e+06 1.428350000000000000e+05 -1.728941000000000000e+06 5.385390000000000000e+05 1.559690000000000000e+06 -1.264148000000000000e+06 1.875435000000000000e+06 7.040350000000000000e+05 -7.551370000000000000e+05 -8.397030000000000000e+05 7.709420000000000000e+05 -6.450830000000000000e+05 -2.005546000000000000e+06 3.905992000000000000e+06
