5.975384000000000000e+06 -3.699160000000000000e+05 1.454712000000000000e+06 4.441380000000000000e+05 1.253862000000000000e+06 -1.655867000000000000e+06 4.012500000000000000e+05 -2.168447000000000000e+06 -4.442290000000000000e+05 2.983780000000000000e+06 1.015707000000000000e+06 5.350120000000000000e+05 -3.810020000000000000e+05 2.458852000000000000e+06 -4.925700000000000000e+04 -1.994760000000000000e+06 1.740300000000000000e+05 1.209345000000000000e+06 -3.140560000000000000e+05 9.899340000000000000e+05
-3.699160000000000000e+05 5.790096000000000000e+06 9.620300000000000000e+04 2.119860000000000000e+06 5.513100000000000000e+04 -2.316776000000000000e+06 -6.689380000000000000e+05 5.101600000000000000e+05 4.904380000000000000e+05 2.213700000000000000e+04 6.083090000000000000e+05 9.650590000000000000e+05 2.161118000000000000e+06 2.904390000000000000e+05 -1.893701000000000000e+06 4.424410000000000000e+05 1.659448000000000000e+06 5.945470000000000000e+05 4.963660000000000000e+05 1.742350000000000000e+05
1.454712000000000000e+06 9.620300000000000000e+04 5.030079000000000000e+06 -9.915000000000000000e+03 2.311609000000000000e+06 -3.844270000000000000e+05 6.831040000000000000e+05 4.899930000000000000e+05 -1.362443000000000000e+06 9.414870000000000000e+05 5.636370000000000000e+05 -1.733068000000000000e+06 2.175863000000000000e+06 1.527128000000000000e+06 1.685129000000000000e+06 5.842800000000000000e+04 -1.062643000000000000e+06 1.509131000000000000e+06 1.069387000000000000e+06 -4.156900000000000000e+04
4.441380000000000000e+05 2.119860000000000000e+06 -9.915000000000000000e+03 7.052637000000000000e+06 -8.514190000000000000e+05 -2.511669000000000000e+06 4.193937000000000000e+06 5.104100000000000000e+04 -4.961250000000000000e+05 3.068334000000000000e+06 9.067120000000000000e+05 1.465593000000000000e+06 3.623030000000000000e+05 3.685120000000000000e+05 -2.334395000000000000e+06 8.250400000000000000e+04 1.007724000000000000e+06 -2.536990000000000000e+05 -1.007846000000000000e+06 -8.372360000000000000e+05
1.253862000000000000e+06 5.513100000000000000e+04 2.311609000000000000e+06 -8.514190000000000000e+05 6.330125000000000000e+06 1.062168000000000000e+06 -8.749090000000000000e+05 7.668730000000000000e+05 -2.145775000000000000e+06 1.321730000000000000e+05 -7.792600000000000000e+05 6.522520000000000000e+05 9.293040000000000000e+05 3.054992000000000000e+06 -1.673259000000000000e+06 2.105193000000000000e+06 -1.704120000000000000e+06 3.490290000000000000e+05 5.140460000000000000e+05 2.507751000000000000e+06
-1.655867000000000000e+06 -2.316776000000000000e+06 -3.844270000000000000e+05 -2.511669000000000000e+06 1.062168000000000000e+06 5.853972000000000000e+06 -1.210101000000000000e+06 2.809001000000000000e+06 -1.009974000000000000e+06 -6.762200000000000000e+04 -1.989972000000000000e+06 -9.335530000000000000e+05 -2.147843000000000000e+06 5.853500000000000000e+04 2.504880000000000000e+05 2.269475000000000000e+06 -1.650868000000000000e+06 1.107429000000000000e+06 -1.614549000000000000e+06 9.603380000000000000e+05
4.012500000000000000e+05 -6.689380000000000000e+05 6.831040000000000000e+05 4.193937000000000000e+06 -8.749090000000000000e+05 -1.210101000000000000e+06 6.599419000000000000e+06 4.576050000000000000e+05 -2.035286000000000000e+06 2.496216000000000000e+06 -6.475080000000000000e+05 1.162628000000000000e+06 -3.369460000000000000e+05 -1.007126000000000000e+06 -7.499580000000000000e+05 -1.269141000000000000e+06 -1.116360000000000000e+05 -5.960480000000000000e+05 -1.479021000000000000e+06 1.702900000000000000e+04
-2.168447000000000000e+06 5.101600000000000000e+05 4.899930000000000000e+05 5.104100000000000000e+04 7.668730000000000000e+05 2.809001000000000000e+06 4.576050000000000000e+05 6.858398000000000000e+06 -1.564940000000000000e+05 2.942410000000000000e+05 -1.257804000000000000e+06 -4.744920000000000000e+05 -7.287340000000000000e+05 -2.421730000000000000e+05 -8.606860000000000000e+05 1.133088000000000000e+06 -1.549230000000000000e+05 1.178803000000000000e+06 -9.629820000000000000e+05 -1.985314000000000000e+06
-4.442290000000000000e+05 4.904380000000000000e+05 -1.362443000000000000e+06 -4.961250000000000000e+05 -2.145775000000000000e+06 -1.009974000000000000e+06 -2.035286000000000000e+06 -1.564940000000000000e+05 6.827173000000000000e+06 -6.423390000000000000e+05 1.414425000000000000e+06 -1.867226000000000000e+06 -6.205600000000000000e+05 1.497604000000000000e+06 -4.596120000000000000e+05 -1.439170000000000000e+05 6.296020000000000000e+05 -1.981060000000000000e+05 1.630573000000000000e+06 1.339300000000000000e+05
2.983780000000000000e+06 2.213700000000000000e+04 9.414870000000000000e+05 3.068334000000000000e+06 1.321730000000000000e+05 -6.762200000000000000e+04 2.496216000000000000e+06 2.942410000000000000e+05 -6.423390000000000000e+05 5.913587000000000000e+06 7.089520000000000000e+05 8.643520000000000000e+05 -4.605880000000000000e+05 1.964431000000000000e+06 -1.103897000000000000e+06 -4.094770000000000000e+05 5.201250000000000000e+05 5.540270000000000000e+05 -5.449850000000000000e+05 5.353590000000000000e+05
1.015707000000000000e+06 6.083090000000000000e+05 5.636370000000000000e+05 9.067120000000000000e+05 -7.792600000000000000e+05 -1.989972000000000000e+06 -6.475080000000000000e+05 -1.257804000000000000e+06 1.414425000000000000e+06 7.089520000000000000e+05 7.570730000000000000e+06 3.585640000000000000e+05 4.255350000000000000e+05 3.039638000000000000e+06 -1.850246000000000000e+06 2.341347000000000000e+06 1.299323000000000000e+06 -4.486000000000000000e+03 -1.440424000000000000e+06 9.720160000000000000e+05
5.350120000000000000e+05 9.650590000000000000e+05 -1.733068000000000000e+06 1.465593000000000000e+06 6.522520000000000000e+05 -9.335530000000000000e+05 1.162628000000000000e+06 -4.744920000000000000e+05 -1.867226000000000000e+06 8.643520000000000000e+05 3.585640000000000000e+05 7.769730000000000000e+06 1.658929000000000000e+06 -1.657938000000000000e+06 -2.952558000000000000e+06 1.304690000000000000e+06 6.784370000000000000e+05 -2.209357000000000000e+06 3.522570000000000000e+05 -4.513310000000000000e+05
-3.810020000000000000e+05 2.161118000000000000e+06 2.175863000000000000e+06 3.623030000000000000e+05 9.293040000000000000e+05 -2.147843000000000000e+06 -3.369460000000000000e+05 -7.287340000000000000e+05 -6.205600000000000000e+05 -4.605880000000000000e+05 4.255350000000000000e+05 1.658929000000000000e+06 5.981569000000000000e+06 -1.780291000000000000e+06 1.270084000000000000e+06 1.481673000000000000e+06 1.383299000000000000e+06 -1.768341000000000000e+06 2.288163000000000000e+06 3.616000000000000000e+04
2.458852000000000000e+06 2.904390000000000000e+05 1.527128000000000000e+06 3.685120000000000000e+05 3.054992000000000000e+06 5.853500000000000000e+04 -1.007126000000000000e+06 -2.421730000000000000e+05 1.497604000000000000e+06 1.964431000000000000e+06 3.039638000000000000e+06 -1.657938000000000000e+06 -1.780291000000000000e+06 7.804297000000000000e+06 -1.865018000000000000e+06 1.737775000000000000e+06 6.631130000000000000e+05 1.920394000000000000e+06 -2.211780000000000000e+05 2.892225000000000000e+06
-4.925700000000000000e+04 -1.893701000000000000e+06 1.685129000000000000e+06 -2.334395000000000000e+06 -1.673259000000000000e+06 2.504880000000000000e+05 -7.499580000000000000e+05 -8.606860000000000000e+05 -4.596120000000000000e+05 -1.103897000000000000e+06 -1.850246000000000000e+06 -2.952558000000000000e+06 1.270084000000000000e+06 -1.865018000000000000e+06 6.665546000000000000e+06 -1.489068000000000000e+06 -5.674370000000000000e+05 1.264527000000000000e+06 2.478476000000000000e+06 -8.979340000000000000e+05
-1.994760000000000000e+06 4.424410000000000000e+05 5.842800000000000000e+04 8.250400000000000000e+04 2.105193000000000000e+06 2.269475000000000000e+06 -1.269141000000000000e+06 1.133088000000000000e+06 -1.439170000000000000e+05 -4.094770000000000000e+05 2.341347000000000000e+06 1.304690000000000000e+06 1.481673000000000000e+06 1.737775000000000000e+06 -1.489068000000000000e+06 7.194139000000000000e+06 -1.628832000000000000e+06 -7.047980000000000000e+05 -2.182533000000000000e+06 2.501664000000000000e+06
1.740300000000000000e+05 1.659448000000000000e+06 -1.062643000000000000e+06 1.007724000000000000e+06 -1.704120000000000000e+06 -1.650868000000000000e+06 -1.116360000000000000e+05 -1.549230000000000000e+05 6.296020000000000000e+05 5.201250000000000000e+05 1.299323000000000000e+06 6.784370000000000000e+05 1.383299000000000000e+06 6.631130000000000000e+05 -5.674370000000000000e+05 -1.628832000000000000e+06 7.163193000000000000e+06 -3.731840000000000000e+05 4.927340000000000000e+05 -1.845530000000000000e+05
1.209345000000000000e+06 5.945470000000000000e+05 1.509131000000000000e+06 -2.536990000000000000e+05 3.490290000000000000e+05 1.107429000000000000e+06 -5.960480000000000000e+05 1.178803000000000000e+06 -1.981060000000000000e+05 5.540270000000000000e+05 -4.486000000000000000e+03 -2.209357000000000000e+06 -1.768341000000000000e+06 1.920394000000000000e+06 1.264527000000000000e+06 -7.047980000000000000e+05 -3.731840000000000000e+05 4.716333000000000000e+06 2.910620000000000000e+05 1.768220000000000000e+05
-3.140560000000000000e+05 4.963660000000000000e+05 1.069387000000000000e+06 -1.007846000000000000e+06 5.140460000000000000e+05 -1.614549000000000000e+06 -1.479021000000000000e+06 -9.629820000000000000e+05 1.630573000000000000e+06 -5.449850000000000000e+05 -1.440424000000000000e+06 3.522570000000000000e+05 2.288163000000000000e+06 -2.211780000000000000e+05 2.478476000000000000e+06 -2.182533000000000000e+06 4.927340000000000000e+05 2.910620000000000000e+05 6.398002000000000000e+06 -9.024340000000000000e+05
9.899340000000000000e+05 1.742350000000000000e+05 -4.156900000000000000e+04 -8.372360000000000000e+05 2.507751000000000000e+06 9.603380000000000000e+05 1.702900000000000000e+04 -1.985314000000000000e+06 1.339300000000000000e+05 5.353590000000000000e+05 9.720160000000000000e+05 -4.513310000000000000e+05 3.616000000000000000e+04 2.892225000000000000e+06 -8.979340000000000000e+05 2.501664000000000000e+06 -1.845530000000000000e+05 1.768220000000000000e+05 -9.024340000000000000e+05 5.708015000000000000e+06
