5.658102000000000000e+06 1.830131000000000000e+06 -3.558756000000000000e+06 1.483857000000000000e+06 2.717573000000000000e+06 -2.484114000000000000e+06 -1.834210000000000000e+05 9.423280000000000000e+05 8.706080000000000000e+05 -7.942800000000000000e+05 -3.150200000000000000e+04 1.621438000000000000e+06 -4.935000000000000000e+03 1.877173000000000000e+06 2.081324000000000000e+06 7.524000000000000000e+05 -8.724060000000000000e+05 4.386620000000000000e+05 -1.096046000000000000e+06 1.063349000000000000e+06
1.830131000000000000e+06 5.965907000000000000e+06 -1.043471000000000000e+06 -1.563025000000000000e+06 1.740970000000000000e+06 -1.615348000000000000e+06 -6.818410000000000000e+05 1.279365000000000000e+06 1.469740000000000000e+06 -1.531866000000000000e+06 5.743660000000000000e+05 -7.811430000000000000e+05 -4.872970000000000000e+05 1.404349000000000000e+06 2.178290000000000000e+06 2.728684000000000000e+06 -1.665704000000000000e+06 -4.890710000000000000e+05 -1.903106000000000000e+06 2.078077000000000000e+06
-3.558756000000000000e+06 -1.043471000000000000e+06 6.360778000000000000e+06 -1.398591000000000000e+06 -2.003285000000000000e+06 8.596820000000000000e+05 -2.436425000000000000e+06 -2.769046000000000000e+06 -1.245607000000000000e+06 -5.633020000000000000e+05 2.038831000000000000e+06 -1.176971000000000000e+06 2.136205000000000000e+06 -2.054644000000000000e+06 -1.241916000000000000e+06 -6.269570000000000000e+05 1.061253000000000000e+06 -1.426104000000000000e+06 1.814635000000000000e+06 -1.026340000000000000e+06
1.483857000000000000e+06 -1.563025000000000000e+06 -1.398591000000000000e+06 1.023453900000000000e+07 1.335349000000000000e+06 1.644126000000000000e+06 2.899271000000000000e+06 -8.526620000000000000e+05 -1.001312000000000000e+06 1.649355000000000000e+06 1.236937000000000000e+06 1.264890000000000000e+06 1.279580000000000000e+05 7.906910000000000000e+05 2.923230000000000000e+05 2.920760000000000000e+05 -5.464880000000000000e+05 1.606168000000000000e+06 3.070458000000000000e+06 1.004853000000000000e+06
2.717573000000000000e+06 1.740970000000000000e+06 -2.003285000000000000e+06 1.335349000000000000e+06 6.911563000000000000e+06 -2.038571000000000000e+06 -1.716629000000000000e+06 1.090207000000000000e+06 3.306100000000000000e+05 1.623950000000000000e+05 3.291276000000000000e+06 -1.884120000000000000e+05 -2.448190000000000000e+05 3.554877000000000000e+06 1.054636000000000000e+06 2.225521000000000000e+06 -2.212900000000000000e+04 -4.261260000000000000e+05 9.633400000000000000e+04 -3.825060000000000000e+05
-2.484114000000000000e+06 -1.615348000000000000e+06 8.596820000000000000e+05 1.644126000000000000e+06 -2.038571000000000000e+06 5.734945000000000000e+06 1.067217000000000000e+06 -8.363200000000000000e+04 2.887370000000000000e+05 2.118873000000000000e+06 -3.336660000000000000e+05 1.409105000000000000e+06 -2.445350000000000000e+05 -7.526340000000000000e+05 -1.311106000000000000e+06 -2.769335000000000000e+06 8.530070000000000000e+05 2.561247000000000000e+06 1.872709000000000000e+06 -3.686950000000000000e+05
-1.834210000000000000e+05 -6.818410000000000000e+05 -2.436425000000000000e+06 2.899271000000000000e+06 -1.716629000000000000e+06 1.067217000000000000e+06 7.367280000000000000e+06 2.908512000000000000e+06 1.631150000000000000e+05 9.775580000000000000e+05 -1.794706000000000000e+06 3.002991000000000000e+06 6.100830000000000000e+05 -8.480510000000000000e+05 -1.466695000000000000e+06 -1.272716000000000000e+06 -3.509957000000000000e+06 1.462646000000000000e+06 2.442520000000000000e+05 1.498080000000000000e+06
9.423280000000000000e+05 1.279365000000000000e+06 -2.769046000000000000e+06 -8.526620000000000000e+05 1.090207000000000000e+06 -8.363200000000000000e+04 2.908512000000000000e+06 5.299143000000000000e+06 2.692838000000000000e+06 -4.409750000000000000e+05 1.141030000000000000e+05 2.189726000000000000e+06 -2.360073000000000000e+06 -1.874560000000000000e+05 -7.757490000000000000e+05 6.531190000000000000e+05 -9.867480000000000000e+05 2.371154000000000000e+06 5.979560000000000000e+05 -2.779110000000000000e+05
8.706080000000000000e+05 1.469740000000000000e+06 -1.245607000000000000e+06 -1.001312000000000000e+06 3.306100000000000000e+05 2.887370000000000000e+05 1.631150000000000000e+05 2.692838000000000000e+06 4.812544000000000000e+06 7.093600000000000000e+04 9.348210000000000000e+05 -7.218470000000000000e+05 -2.184138000000000000e+06 -5.578640000000000000e+05 4.847480000000000000e+05 -7.643790000000000000e+05 1.121558000000000000e+06 1.462923000000000000e+06 4.242440000000000000e+05 -1.571271000000000000e+06
-7.942800000000000000e+05 -1.531866000000000000e+06 -5.633020000000000000e+05 1.649355000000000000e+06 1.623950000000000000e+05 2.118873000000000000e+06 9.775580000000000000e+05 -4.409750000000000000e+05 7.093600000000000000e+04 5.651254000000000000e+06 1.440081000000000000e+06 1.216244000000000000e+06 -1.111219000000000000e+06 -2.542890000000000000e+05 -8.093760000000000000e+05 -1.349482000000000000e+06 5.812780000000000000e+05 4.928300000000000000e+05 2.866134000000000000e+06 -1.133044000000000000e+06
-3.150200000000000000e+04 5.743660000000000000e+05 2.038831000000000000e+06 1.236937000000000000e+06 3.291276000000000000e+06 -3.336660000000000000e+05 -1.794706000000000000e+06 1.141030000000000000e+05 9.348210000000000000e+05 1.440081000000000000e+06 6.182699000000000000e+06 2.328680000000000000e+05 6.500240000000000000e+05 1.138368000000000000e+06 -9.620940000000000000e+05 1.484350000000000000e+05 8.980420000000000000e+05 -1.550429000000000000e+06 1.905465000000000000e+06 -2.212496000000000000e+06
1.621438000000000000e+06 -7.811430000000000000e+05 -1.176971000000000000e+06 1.264890000000000000e+06 -1.884120000000000000e+05 1.409105000000000000e+06 3.002991000000000000e+06 2.189726000000000000e+06 -7.218470000000000000e+05 1.216244000000000000e+06 2.328680000000000000e+05 6.294316000000000000e+06 4.128480000000000000e+05 1.322755000000000000e+06 -1.539121000000000000e+06 -6.926050000000000000e+05 -1.851814000000000000e+06 1.816172000000000000e+06 1.894190000000000000e+05 1.340048000000000000e+06
-4.935000000000000000e+03 -4.872970000000000000e+05 2.136205000000000000e+06 1.279580000000000000e+05 -2.448190000000000000e+05 -2.445350000000000000e+05 6.100830000000000000e+05 -2.360073000000000000e+06 -2.184138000000000000e+06 -1.111219000000000000e+06 6.500240000000000000e+05 4.128480000000000000e+05 5.965093000000000000e+06 1.569610000000000000e+05 1.094173000000000000e+06 1.705320000000000000e+05 -1.223323000000000000e+06 -2.960891000000000000e+06 -2.081469000000000000e+06 1.705170000000000000e+06
1.877173000000000000e+06 1.404349000000000000e+06 -2.054644000000000000e+06 7.906910000000000000e+05 3.554877000000000000e+06 -7.526340000000000000e+05 -8.480510000000000000e+05 -1.874560000000000000e+05 -5.578640000000000000e+05 -2.542890000000000000e+05 1.138368000000000000e+06 1.322755000000000000e+06 1.569610000000000000e+05 6.113845000000000000e+06 -2.343170000000000000e+05 2.535878000000000000e+06 -1.793336000000000000e+06 -6.861770000000000000e+05 -4.325396000000000000e+06 1.981768000000000000e+06
2.081324000000000000e+06 2.178290000000000000e+06 -1.241916000000000000e+06 2.923230000000000000e+05 1.054636000000000000e+06 -1.311106000000000000e+06 -1.466695000000000000e+06 -7.757490000000000000e+05 4.847480000000000000e+05 -8.093760000000000000e+05 -9.620940000000000000e+05 -1.539121000000000000e+06 1.094173000000000000e+06 -2.343170000000000000e+05 5.603412000000000000e+06 3.061893000000000000e+06 2.506840000000000000e+05 -1.106064000000000000e+06 -1.353146000000000000e+06 -1.755290000000000000e+05
7.524000000000000000e+05 2.728684000000000000e+06 -6.269570000000000000e+05 2.920760000000000000e+05 2.225521000000000000e+06 -2.769335000000000000e+06 -1.272716000000000000e+06 6.531190000000000000e+05 -7.643790000000000000e+05 -1.349482000000000000e+06 1.484350000000000000e+05 -6.926050000000000000e+05 1.705320000000000000e+05 2.535878000000000000e+06 3.061893000000000000e+06 8.567102000000000000e+06 -1.116196000000000000e+06 -1.647200000000000000e+06 -2.613827000000000000e+06 2.445088000000000000e+06
-8.724060000000000000e+05 -1.665704000000000000e+06 1.061253000000000000e+06 -5.464880000000000000e+05 -2.212900000000000000e+04 8.530070000000000000e+05 -3.509957000000000000e+06 -9.867480000000000000e+05 1.121558000000000000e+06 5.812780000000000000e+05 8.980420000000000000e+05 -1.851814000000000000e+06 -1.223323000000000000e+06 -1.793336000000000000e+06 2.506840000000000000e+05 -1.116196000000000000e+06 7.300561000000000000e+06 2.196940000000000000e+05 2.434367000000000000e+06 1.472070000000000000e+05
4.386620000000000000e+05 -4.890710000000000000e+05 -1.426104000000000000e+06 1.606168000000000000e+06 -4.261260000000000000e+05 2.561247000000000000e+06 1.462646000000000000e+06 2.371154000000000000e+06 1.462923000000000000e+06 4.928300000000000000e+05 -1.550429000000000000e+06 1.816172000000000000e+06 -2.960891000000000000e+06 -6.861770000000000000e+05 -1.106064000000000000e+06 -1.647200000000000000e+06 2.196940000000000000e+05 5.084891000000000000e+06 2.411437000000000000e+06 1.233090000000000000e+06
-1.096046000000000000e+06 -1.903106000000000000e+06 1.814635000000000000e+06 3.070458000000000000e+06 9.633400000000000000e+04 1.872709000000000000e+06 2.442520000000000000e+05 5.979560000000000000e+05 4.242440000000000000e+05 2.866134000000000000e+06 1.905465000000000000e+06 1.894190000000000000e+05 -2.081469000000000000e+06 -4.325396000000000000e+06 -1.353146000000000000e+06 -2.613827000000000000e+06 2.434367000000000000e+06 2.411437000000000000e+06 9.362916000000000000e+06 -3.338378000000000000e+06
1.063349000000000000e+06 2.078077000000000000e+06 -1.026340000000000000e+06 1.004853000000000000e+06 -3.825060000000000000e+05 -3.686950000000000000e+05 1.498080000000000000e+06 -2.779110000000000000e+05 -1.571271000000000000e+06 -1.133044000000000000e+06 -2.212496000000000000e+06 1.340048000000000000e+06 1.705170000000000000e+06 1.981768000000000000e+06 -1.755290000000000000e+05 2.445088000000000000e+06 1.472070000000000000e+05 1.233090000000000000e+06 -3.338378000000000000e+06 1.017935500000000000e+07
