8.466996000000000000e+06 -3.529253000000000000e+06 3.340100000000000000e+05 -6.795170000000000000e+05 1.049576000000000000e+06 3.464900000000000000e+05 4.047240000000000000e+05 1.029273000000000000e+06 -3.375855000000000000e+06 3.754545000000000000e+06 7.750820000000000000e+05 8.267600000000000000e+04 3.392470000000000000e+05 1.267123000000000000e+06 8.102350000000000000e+05 9.771130000000000000e+05 -1.274114000000000000e+06 -3.261530000000000000e+05 -1.748900000000000000e+05 -3.732582000000000000e+06
-3.529253000000000000e+06 6.306628000000000000e+06 -7.549210000000000000e+05 2.950558000000000000e+06 -1.008300000000000000e+04 -1.214428000000000000e+06 -2.578943000000000000e+06 -5.674680000000000000e+05 1.263930000000000000e+06 -4.553760000000000000e+05 2.430884000000000000e+06 1.333523000000000000e+06 1.688548000000000000e+06 -9.224390000000000000e+05 -1.589310000000000000e+05 -3.191000000000000000e+05 -1.183385000000000000e+06 -1.828164000000000000e+06 -2.033663000000000000e+06 2.274933000000000000e+06
3.340100000000000000e+05 -7.549210000000000000e+05 5.418852000000000000e+06 -1.154708000000000000e+06 3.103991000000000000e+06 2.098528000000000000e+06 -1.276592000000000000e+06 -2.780900000000000000e+04 6.050730000000000000e+05 2.387710000000000000e+05 5.306110000000000000e+05 -2.063727000000000000e+06 -2.043789000000000000e+06 -1.750095000000000000e+06 -3.333010000000000000e+05 -1.824362000000000000e+06 1.159770000000000000e+05 2.543910000000000000e+05 1.599721000000000000e+06 1.364560000000000000e+05
-6.795170000000000000e+05 2.950558000000000000e+06 -1.154708000000000000e+06 6.535122000000000000e+06 -4.051270000000000000e+05 -1.347978000000000000e+06 -6.684280000000000000e+05 -6.593240000000000000e+05 -8.452380000000000000e+05 -4.972510000000000000e+05 2.372457000000000000e+06 9.292120000000000000e+05 4.107156000000000000e+06 1.104647000000000000e+06 1.508967000000000000e+06 5.902500000000000000e+04 -3.912190000000000000e+05 -3.502790000000000000e+05 -1.821683000000000000e+06 2.101968000000000000e+06
1.049576000000000000e+06 -1.008300000000000000e+04 3.103991000000000000e+06 -4.051270000000000000e+05 5.902404000000000000e+06 1.871209000000000000e+06 -1.419949000000000000e+06 1.529404000000000000e+06 6.051770000000000000e+05 4.813180000000000000e+05 1.591690000000000000e+05 -1.810171000000000000e+06 -1.835746000000000000e+06 8.943000000000000000e+03 -3.615600000000000000e+04 -1.810522000000000000e+06 -1.654215000000000000e+06 -1.093680000000000000e+06 6.061670000000000000e+05 1.361862000000000000e+06
3.464900000000000000e+05 -1.214428000000000000e+06 2.098528000000000000e+06 -1.347978000000000000e+06 1.871209000000000000e+06 7.962107000000000000e+06 -2.461200000000000000e+05 5.064030000000000000e+05 2.797142000000000000e+06 -7.995190000000000000e+05 -1.576666000000000000e+06 2.110850000000000000e+05 -2.551624000000000000e+06 -3.863590000000000000e+05 -5.471500000000000000e+04 2.289560000000000000e+05 1.966677000000000000e+06 4.588570000000000000e+05 2.034676000000000000e+06 1.290028000000000000e+06
4.047240000000000000e+05 -2.578943000000000000e+06 -1.276592000000000000e+06 -6.684280000000000000e+05 -1.419949000000000000e+06 -2.461200000000000000e+05 6.482868000000000000e+06 3.169680000000000000e+05 2.094069000000000000e+06 4.866080000000000000e+05 -1.623152000000000000e+06 2.428129000000000000e+06 -1.849903000000000000e+06 1.296441000000000000e+06 1.412522000000000000e+06 1.798184000000000000e+06 3.398530000000000000e+05 7.786820000000000000e+05 1.970830000000000000e+05 -3.132114000000000000e+06
1.029273000000000000e+06 -5.674680000000000000e+05 -2.780900000000000000e+04 -6.593240000000000000e+05 1.529404000000000000e+06 5.064030000000000000e+05 3.169680000000000000e+05 3.824790000000000000e+06 1.569144000000000000e+06 2.543327000000000000e+06 -3.312300000000000000e+05 -2.032568000000000000e+06 -2.423080000000000000e+05 3.527720000000000000e+05 1.288872000000000000e+06 1.148463000000000000e+06 2.927140000000000000e+05 -4.781270000000000000e+05 -6.436010000000000000e+05 7.680780000000000000e+05
-3.375855000000000000e+06 1.263930000000000000e+06 6.050730000000000000e+05 -8.452380000000000000e+05 6.051770000000000000e+05 2.797142000000000000e+06 2.094069000000000000e+06 1.569144000000000000e+06 7.331288000000000000e+06 4.911040000000000000e+05 -8.813700000000000000e+05 3.408860000000000000e+05 -2.699988000000000000e+06 -1.616314000000000000e+06 3.700400000000000000e+05 2.066738000000000000e+06 5.118700000000000000e+04 1.665130000000000000e+05 -9.804400000000000000e+04 1.461919000000000000e+06
3.754545000000000000e+06 -4.553760000000000000e+05 2.387710000000000000e+05 -4.972510000000000000e+05 4.813180000000000000e+05 -7.995190000000000000e+05 4.866080000000000000e+05 2.543327000000000000e+06 4.911040000000000000e+05 8.139633000000000000e+06 -3.038250000000000000e+05 -2.336207000000000000e+06 -4.289280000000000000e+05 -1.172226000000000000e+06 1.140820000000000000e+06 9.737910000000000000e+05 -8.844390000000000000e+05 7.255300000000000000e+05 -2.001513000000000000e+06 -1.088061000000000000e+06
7.750820000000000000e+05 2.430884000000000000e+06 5.306110000000000000e+05 2.372457000000000000e+06 1.591690000000000000e+05 -1.576666000000000000e+06 -1.623152000000000000e+06 -3.312300000000000000e+05 -8.813700000000000000e+05 -3.038250000000000000e+05 5.505160000000000000e+06 3.840090000000000000e+05 1.981012000000000000e+06 -1.219622000000000000e+06 1.313300000000000000e+06 -1.778805000000000000e+06 -1.154990000000000000e+06 1.674270000000000000e+05 -1.489485000000000000e+06 -2.617600000000000000e+04
8.267600000000000000e+04 1.333523000000000000e+06 -2.063727000000000000e+06 9.292120000000000000e+05 -1.810171000000000000e+06 2.110850000000000000e+05 2.428129000000000000e+06 -2.032568000000000000e+06 3.408860000000000000e+05 -2.336207000000000000e+06 3.840090000000000000e+05 7.348923000000000000e+06 -1.990860000000000000e+05 9.176740000000000000e+05 -1.608527000000000000e+06 1.104160000000000000e+06 -1.807731000000000000e+06 -1.825719000000000000e+06 8.330760000000000000e+05 -2.570108000000000000e+06
3.392470000000000000e+05 1.688548000000000000e+06 -2.043789000000000000e+06 4.107156000000000000e+06 -1.835746000000000000e+06 -2.551624000000000000e+06 -1.849903000000000000e+06 -2.423080000000000000e+05 -2.699988000000000000e+06 -4.289280000000000000e+05 1.981012000000000000e+06 -1.990860000000000000e+05 5.935126000000000000e+06 1.847948000000000000e+06 2.296841000000000000e+06 4.496270000000000000e+05 -1.238150000000000000e+05 2.746270000000000000e+05 -2.515869000000000000e+06 1.792974000000000000e+06
1.267123000000000000e+06 -9.224390000000000000e+05 -1.750095000000000000e+06 1.104647000000000000e+06 8.943000000000000000e+03 -3.863590000000000000e+05 1.296441000000000000e+06 3.527720000000000000e+05 -1.616314000000000000e+06 -1.172226000000000000e+06 -1.219622000000000000e+06 9.176740000000000000e+05 1.847948000000000000e+06 7.670589000000000000e+06 -7.109000000000000000e+05 1.389490000000000000e+05 2.064870000000000000e+05 -1.061653000000000000e+06 -9.138190000000000000e+05 -2.483800000000000000e+05
8.102350000000000000e+05 -1.589310000000000000e+05 -3.333010000000000000e+05 1.508967000000000000e+06 -3.615600000000000000e+04 -5.471500000000000000e+04 1.412522000000000000e+06 1.288872000000000000e+06 3.700400000000000000e+05 1.140820000000000000e+06 1.313300000000000000e+06 -1.608527000000000000e+06 2.296841000000000000e+06 -7.109000000000000000e+05 8.391187000000000000e+06 8.707500000000000000e+05 -6.987990000000000000e+05 2.808010000000000000e+05 -2.722838000000000000e+06 4.305140000000000000e+05
9.771130000000000000e+05 -3.191000000000000000e+05 -1.824362000000000000e+06 5.902500000000000000e+04 -1.810522000000000000e+06 2.289560000000000000e+05 1.798184000000000000e+06 1.148463000000000000e+06 2.066738000000000000e+06 9.737910000000000000e+05 -1.778805000000000000e+06 1.104160000000000000e+06 4.496270000000000000e+05 1.389490000000000000e+05 8.707500000000000000e+05 5.021890000000000000e+06 -1.049420000000000000e+05 -1.158474000000000000e+06 -9.350990000000000000e+05 -4.568160000000000000e+05
-1.274114000000000000e+06 -1.183385000000000000e+06 1.159770000000000000e+05 -3.912190000000000000e+05 -1.654215000000000000e+06 1.966677000000000000e+06 3.398530000000000000e+05 2.927140000000000000e+05 5.118700000000000000e+04 -8.844390000000000000e+05 -1.154990000000000000e+06 -1.807731000000000000e+06 -1.238150000000000000e+05 2.064870000000000000e+05 -6.987990000000000000e+05 -1.049420000000000000e+05 4.361789000000000000e+06 1.831263000000000000e+06 4.317320000000000000e+05 1.503170000000000000e+05
-3.261530000000000000e+05 -1.828164000000000000e+06 2.543910000000000000e+05 -3.502790000000000000e+05 -1.093680000000000000e+06 4.588570000000000000e+05 7.786820000000000000e+05 -4.781270000000000000e+05 1.665130000000000000e+05 7.255300000000000000e+05 1.674270000000000000e+05 -1.825719000000000000e+06 2.746270000000000000e+05 -1.061653000000000000e+06 2.808010000000000000e+05 -1.158474000000000000e+06 1.831263000000000000e+06 3.832498000000000000e+06 5.640310000000000000e+05 2.892770000000000000e+05
-1.748900000000000000e+05 -2.033663000000000000e+06 1.599721000000000000e+06 -1.821683000000000000e+06 6.061670000000000000e+05 2.034676000000000000e+06 1.970830000000000000e+05 -6.436010000000000000e+05 -9.804400000000000000e+04 -2.001513000000000000e+06 -1.489485000000000000e+06 8.330760000000000000e+05 -2.515869000000000000e+06 -9.138190000000000000e+05 -2.722838000000000000e+06 -9.350990000000000000e+05 4.317320000000000000e+05 5.640310000000000000e+05 5.225806000000000000e+06 -2.883080000000000000e+05
-3.732582000000000000e+06 2.274933000000000000e+06 1.364560000000000000e+05 2.101968000000000000e+06 1.361862000000000000e+06 1.290028000000000000e+06 -3.132114000000000000e+06 7.680780000000000000e+05 1.461919000000000000e+06 -1.088061000000000000e+06 -2.617600000000000000e+04 -2.570108000000000000e+06 1.792974000000000000e+06 -2.483800000000000000e+05 4.305140000000000000e+05 -4.568160000000000000e+05 1.503170000000000000e+05 2.892770000000000000e+05 -2.883080000000000000e+05 5.604190000000000000e+06
