7.922662000000000000e+06 -4.887260000000000000e+05 -5.614310000000000000e+05 -1.313050000000000000e+05 -1.944562000000000000e+06 1.525789000000000000e+06 1.298591000000000000e+06 -1.196596000000000000e+06 -4.933540000000000000e+05 -1.725740000000000000e+06 9.238300000000000000e+04 1.104600000000000000e+05 -9.045950000000000000e+05 3.257398000000000000e+06 2.085807000000000000e+06 -1.257502000000000000e+06 -9.482220000000000000e+05 1.526760000000000000e+05 1.324680000000000000e+05 1.405443000000000000e+06
-4.887260000000000000e+05 5.660769000000000000e+06 -4.540010000000000000e+05 -3.266830000000000000e+05 2.561897000000000000e+06 -1.515940000000000000e+05 1.323021000000000000e+06 5.330400000000000000e+04 -1.643753000000000000e+06 -4.890550000000000000e+05 1.780590000000000000e+05 2.734451000000000000e+06 1.002605000000000000e+06 -3.478560000000000000e+05 -1.685907000000000000e+06 2.128148000000000000e+06 3.635120000000000000e+05 1.370391000000000000e+06 -7.336290000000000000e+05 -3.024489000000000000e+06
-5.614310000000000000e+05 -4.540010000000000000e+05 4.813369000000000000e+06 2.753450000000000000e+05 -6.045050000000000000e+05 -8.436370000000000000e+05 -9.024310000000000000e+05 9.917400000000000000e+04 8.852790000000000000e+05 1.893754000000000000e+06 -1.291276000000000000e+06 1.767538000000000000e+06 -2.437773000000000000e+06 -2.232591000000000000e+06 -1.018801000000000000e+06 -9.267570000000000000e+05 3.491590000000000000e+05 -3.014243000000000000e+06 -3.923900000000000000e+04 6.844200000000000000e+05
-1.313050000000000000e+05 -3.266830000000000000e+05 2.753450000000000000e+05 3.969203000000000000e+06 4.196180000000000000e+05 -8.714000000000000000e+03 2.377110000000000000e+05 -4.509570000000000000e+05 7.041950000000000000e+05 1.314510000000000000e+05 -1.623100000000000000e+05 4.097020000000000000e+05 9.809260000000000000e+05 -5.146160000000000000e+05 5.488420000000000000e+05 2.954740000000000000e+05 8.381420000000000000e+05 1.666808000000000000e+06 -2.717966000000000000e+06 1.036609000000000000e+06
-1.944562000000000000e+06 2.561897000000000000e+06 -6.045050000000000000e+05 4.196180000000000000e+05 8.029776000000000000e+06 -2.398590000000000000e+05 -3.360540000000000000e+05 -1.188281000000000000e+06 -2.453590000000000000e+05 -9.521370000000000000e+05 -1.921859000000000000e+06 7.476880000000000000e+05 1.744936000000000000e+06 5.993590000000000000e+05 7.647800000000000000e+05 5.325350000000000000e+05 -2.187966000000000000e+06 1.438743000000000000e+06 2.108024000000000000e+06 -1.978202000000000000e+06
1.525789000000000000e+06 -1.515940000000000000e+05 -8.436370000000000000e+05 -8.714000000000000000e+03 -2.398590000000000000e+05 7.630191000000000000e+06 4.102520000000000000e+06 2.176887000000000000e+06 -6.469120000000000000e+05 -1.780396000000000000e+06 4.295270000000000000e+05 7.337920000000000000e+05 1.656056000000000000e+06 -2.304731000000000000e+06 -1.128061000000000000e+06 -1.121985000000000000e+06 2.741163000000000000e+06 2.646301000000000000e+06 1.341839000000000000e+06 2.312856000000000000e+06
1.298591000000000000e+06 1.323021000000000000e+06 -9.024310000000000000e+05 2.377110000000000000e+05 -3.360540000000000000e+05 4.102520000000000000e+06 7.052708000000000000e+06 2.816280000000000000e+05 -1.444519000000000000e+06 -2.247860000000000000e+05 1.489248000000000000e+06 2.786742000000000000e+06 1.499130000000000000e+06 7.415700000000000000e+04 -1.061745000000000000e+06 3.301160000000000000e+05 3.629358000000000000e+06 2.943898000000000000e+06 -3.108600000000000000e+05 -2.213532000000000000e+06
-1.196596000000000000e+06 5.330400000000000000e+04 9.917400000000000000e+04 -4.509570000000000000e+05 -1.188281000000000000e+06 2.176887000000000000e+06 2.816280000000000000e+05 5.770405000000000000e+06 7.318420000000000000e+05 -7.497960000000000000e+05 2.221073000000000000e+06 -1.413783000000000000e+06 7.016680000000000000e+05 -2.267543000000000000e+06 -2.584999000000000000e+06 -2.206722000000000000e+06 -2.664410000000000000e+05 -1.469280000000000000e+05 -1.109106000000000000e+06 -7.442510000000000000e+05
-4.933540000000000000e+05 -1.643753000000000000e+06 8.852790000000000000e+05 7.041950000000000000e+05 -2.453590000000000000e+05 -6.469120000000000000e+05 -1.444519000000000000e+06 7.318420000000000000e+05 5.103116000000000000e+06 1.373755000000000000e+06 8.661290000000000000e+05 6.023440000000000000e+05 5.586900000000000000e+05 7.349810000000000000e+05 -8.253000000000000000e+04 -1.680542000000000000e+06 -3.161136000000000000e+06 -2.682592000000000000e+06 8.330520000000000000e+05 7.292350000000000000e+05
-1.725740000000000000e+06 -4.890550000000000000e+05 1.893754000000000000e+06 1.314510000000000000e+05 -9.521370000000000000e+05 -1.780396000000000000e+06 -2.247860000000000000e+05 -7.497960000000000000e+05 1.373755000000000000e+06 3.690365000000000000e+06 2.506590000000000000e+05 1.626309000000000000e+06 -1.227844000000000000e+06 -5.335600000000000000e+05 -5.116920000000000000e+05 1.361460000000000000e+05 1.447840000000000000e+05 -3.798022000000000000e+06 5.244060000000000000e+05 -7.540720000000000000e+05
9.238300000000000000e+04 1.780590000000000000e+05 -1.291276000000000000e+06 -1.623100000000000000e+05 -1.921859000000000000e+06 4.295270000000000000e+05 1.489248000000000000e+06 2.221073000000000000e+06 8.661290000000000000e+05 2.506590000000000000e+05 8.381432000000000000e+06 -2.955637000000000000e+06 5.395860000000000000e+05 1.761312000000000000e+06 -4.462429000000000000e+06 -2.302469000000000000e+06 -1.758051000000000000e+06 -1.437278000000000000e+06 -1.562644000000000000e+06 -1.730343000000000000e+06
1.104600000000000000e+05 2.734451000000000000e+06 1.767538000000000000e+06 4.097020000000000000e+05 7.476880000000000000e+05 7.337920000000000000e+05 2.786742000000000000e+06 -1.413783000000000000e+06 6.023440000000000000e+05 1.626309000000000000e+06 -2.955637000000000000e+06 7.552501000000000000e+06 6.989220000000000000e+05 -1.577120000000000000e+05 1.204570000000000000e+05 1.831640000000000000e+06 3.223762000000000000e+06 2.894980000000000000e+05 2.065389000000000000e+06 -3.850330000000000000e+05
-9.045950000000000000e+05 1.002605000000000000e+06 -2.437773000000000000e+06 9.809260000000000000e+05 1.744936000000000000e+06 1.656056000000000000e+06 1.499130000000000000e+06 7.016680000000000000e+05 5.586900000000000000e+05 -1.227844000000000000e+06 5.395860000000000000e+05 6.989220000000000000e+05 6.977606000000000000e+06 8.956910000000000000e+05 5.084400000000000000e+04 3.558287000000000000e+06 -2.182680000000000000e+05 1.945836000000000000e+06 4.721600000000000000e+05 3.161200000000000000e+05
3.257398000000000000e+06 -3.478560000000000000e+05 -2.232591000000000000e+06 -5.146160000000000000e+05 5.993590000000000000e+05 -2.304731000000000000e+06 7.415700000000000000e+04 -2.267543000000000000e+06 7.349810000000000000e+05 -5.335600000000000000e+05 1.761312000000000000e+06 -1.577120000000000000e+05 8.956910000000000000e+05 7.428584000000000000e+06 1.935787000000000000e+06 -1.875109000000000000e+06 -3.016415000000000000e+06 -7.913020000000000000e+05 1.600237000000000000e+06 -7.240900000000000000e+05
2.085807000000000000e+06 -1.685907000000000000e+06 -1.018801000000000000e+06 5.488420000000000000e+05 7.647800000000000000e+05 -1.128061000000000000e+06 -1.061745000000000000e+06 -2.584999000000000000e+06 -8.253000000000000000e+04 -5.116920000000000000e+05 -4.462429000000000000e+06 1.204570000000000000e+05 5.084400000000000000e+04 1.935787000000000000e+06 8.912929000000000000e+06 2.890389000000000000e+06 6.686660000000000000e+05 1.995642000000000000e+06 8.650390000000000000e+05 2.783910000000000000e+06
-1.257502000000000000e+06 2.128148000000000000e+06 -9.267570000000000000e+05 2.954740000000000000e+05 5.325350000000000000e+05 -1.121985000000000000e+06 3.301160000000000000e+05 -2.206722000000000000e+06 -1.680542000000000000e+06 1.361460000000000000e+05 -2.302469000000000000e+06 1.831640000000000000e+06 3.558287000000000000e+06 -1.875109000000000000e+06 2.890389000000000000e+06 9.690951000000000000e+06 2.224034000000000000e+06 2.088377000000000000e+06 -9.072120000000000000e+05 1.506363000000000000e+06
-9.482220000000000000e+05 3.635120000000000000e+05 3.491590000000000000e+05 8.381420000000000000e+05 -2.187966000000000000e+06 2.741163000000000000e+06 3.629358000000000000e+06 -2.664410000000000000e+05 -3.161136000000000000e+06 1.447840000000000000e+05 -1.758051000000000000e+06 3.223762000000000000e+06 -2.182680000000000000e+05 -3.016415000000000000e+06 6.686660000000000000e+05 2.224034000000000000e+06 7.617661000000000000e+06 3.298404000000000000e+06 -1.342750000000000000e+05 1.463519000000000000e+06
1.526760000000000000e+05 1.370391000000000000e+06 -3.014243000000000000e+06 1.666808000000000000e+06 1.438743000000000000e+06 2.646301000000000000e+06 2.943898000000000000e+06 -1.469280000000000000e+05 -2.682592000000000000e+06 -3.798022000000000000e+06 -1.437278000000000000e+06 2.894980000000000000e+05 1.945836000000000000e+06 -7.913020000000000000e+05 1.995642000000000000e+06 2.088377000000000000e+06 3.298404000000000000e+06 9.190797000000000000e+06 -1.799385000000000000e+06 -2.564980000000000000e+05
1.324680000000000000e+05 -7.336290000000000000e+05 -3.923900000000000000e+04 -2.717966000000000000e+06 2.108024000000000000e+06 1.341839000000000000e+06 -3.108600000000000000e+05 -1.109106000000000000e+06 8.330520000000000000e+05 5.244060000000000000e+05 -1.562644000000000000e+06 2.065389000000000000e+06 4.721600000000000000e+05 1.600237000000000000e+06 8.650390000000000000e+05 -9.072120000000000000e+05 -1.342750000000000000e+05 -1.799385000000000000e+06 8.058082000000000000e+06 1.265468000000000000e+06
1.405443000000000000e+06 -3.024489000000000000e+06 6.844200000000000000e+05 1.036609000000000000e+06 -1.978202000000000000e+06 2.312856000000000000e+06 -2.213532000000000000e+06 -7.442510000000000000e+05 7.292350000000000000e+05 -7.540720000000000000e+05 -1.730343000000000000e+06 -3.850330000000000000e+05 3.161200000000000000e+05 -7.240900000000000000e+05 2.783910000000000000e+06 1.506363000000000000e+06 1.463519000000000000e+06 -2.564980000000000000e+05 1.265468000000000000e+06 7.875953000000000000e+06
