7.028290000000000000e+06 3.547180000000000000e+05 1.736862000000000000e+06 -6.628600000000000000e+05 1.483725000000000000e+06 1.608577000000000000e+06 -3.318640000000000000e+05 -3.669830000000000000e+05 1.164894000000000000e+06 -2.376593000000000000e+06 -2.187142000000000000e+06 -9.245280000000000000e+05 2.625930000000000000e+06 1.286287000000000000e+06 1.318827000000000000e+06 5.455340000000000000e+05 -6.399220000000000000e+05 1.751134000000000000e+06 -3.311990000000000000e+05 1.646090000000000000e+05
3.547180000000000000e+05 7.868671000000000000e+06 2.424738000000000000e+06 -1.554227000000000000e+06 -2.523589000000000000e+06 8.847310000000000000e+05 -2.169828000000000000e+06 1.568928000000000000e+06 6.621680000000000000e+05 -1.475566000000000000e+06 -1.140080000000000000e+06 -2.049580000000000000e+05 -5.174320000000000000e+05 9.643260000000000000e+05 -8.552280000000000000e+05 2.299061000000000000e+06 5.012930000000000000e+05 1.733390000000000000e+05 4.422630000000000000e+05 3.324090000000000000e+05
1.736862000000000000e+06 2.424738000000000000e+06 5.849634000000000000e+06 -4.401810000000000000e+05 -2.187420000000000000e+06 -9.636710000000000000e+05 -1.521722000000000000e+06 4.529910000000000000e+05 8.767000000000000000e+04 -1.882688000000000000e+06 -3.898059000000000000e+06 -3.085265000000000000e+06 8.310000000000000000e+05 9.479700000000000000e+05 -9.603250000000000000e+05 1.589645000000000000e+06 1.523402000000000000e+06 -8.353790000000000000e+05 -1.243285000000000000e+06 1.887683000000000000e+06
-6.628600000000000000e+05 -1.554227000000000000e+06 -4.401810000000000000e+05 5.049091000000000000e+06 1.242384000000000000e+06 -1.788521000000000000e+06 8.464770000000000000e+05 -3.698160000000000000e+05 -8.737360000000000000e+05 -5.562300000000000000e+05 -2.069100000000000000e+04 -9.944990000000000000e+05 -4.622230000000000000e+05 -1.616400000000000000e+05 1.328712000000000000e+06 -1.955165000000000000e+06 1.649555000000000000e+06 -4.293240000000000000e+05 -1.034165000000000000e+06 4.385000000000000000e+03
1.483725000000000000e+06 -2.523589000000000000e+06 -2.187420000000000000e+06 1.242384000000000000e+06 8.485376000000000000e+06 2.855600000000000000e+05 4.469150000000000000e+05 -1.856260000000000000e+05 -3.859950000000000000e+05 3.167004000000000000e+06 3.185354000000000000e+06 -5.984260000000000000e+05 -1.872140000000000000e+06 1.388961000000000000e+06 1.023577000000000000e+06 -1.435465000000000000e+06 -3.521210000000000000e+05 -1.249852000000000000e+06 -3.117799000000000000e+06 -2.687031000000000000e+06
1.608577000000000000e+06 8.847310000000000000e+05 -9.636710000000000000e+05 -1.788521000000000000e+06 2.855600000000000000e+05 5.910003000000000000e+06 4.902360000000000000e+05 1.134183000000000000e+06 4.045350000000000000e+05 -1.957860000000000000e+05 7.309650000000000000e+05 2.593083000000000000e+06 -6.029930000000000000e+05 4.437490000000000000e+05 1.504428000000000000e+06 1.348458000000000000e+06 8.653020000000000000e+05 -2.966200000000000000e+05 -1.493583000000000000e+06 -8.532630000000000000e+05
-3.318640000000000000e+05 -2.169828000000000000e+06 -1.521722000000000000e+06 8.464770000000000000e+05 4.469150000000000000e+05 4.902360000000000000e+05 6.129183000000000000e+06 -2.280820000000000000e+05 1.078250000000000000e+05 -1.157331000000000000e+06 4.968400000000000000e+04 1.255356000000000000e+06 4.682690000000000000e+05 -1.521594000000000000e+06 1.967474000000000000e+06 -8.562210000000000000e+05 -1.044753000000000000e+06 2.138712000000000000e+06 -1.836002000000000000e+06 3.983660000000000000e+05
-3.669830000000000000e+05 1.568928000000000000e+06 4.529910000000000000e+05 -3.698160000000000000e+05 -1.856260000000000000e+05 1.134183000000000000e+06 -2.280820000000000000e+05 6.154259000000000000e+06 -1.025933000000000000e+06 -7.916670000000000000e+05 3.106220000000000000e+05 4.436760000000000000e+05 7.277860000000000000e+05 3.201939000000000000e+06 8.578900000000000000e+05 -1.757258000000000000e+06 -2.437560000000000000e+05 -1.668563000000000000e+06 9.173400000000000000e+04 2.561896000000000000e+06
1.164894000000000000e+06 6.621680000000000000e+05 8.767000000000000000e+04 -8.737360000000000000e+05 -3.859950000000000000e+05 4.045350000000000000e+05 1.078250000000000000e+05 -1.025933000000000000e+06 4.056047000000000000e+06 -1.284633000000000000e+06 2.644800000000000000e+04 1.304901000000000000e+06 1.003933000000000000e+06 -7.746770000000000000e+05 1.014181000000000000e+06 1.783346000000000000e+06 7.735000000000000000e+04 2.676807000000000000e+06 1.269622000000000000e+06 -1.127445000000000000e+06
-2.376593000000000000e+06 -1.475566000000000000e+06 -1.882688000000000000e+06 -5.562300000000000000e+05 3.167004000000000000e+06 -1.957860000000000000e+05 -1.157331000000000000e+06 -7.916670000000000000e+05 -1.284633000000000000e+06 6.225893000000000000e+06 2.179551000000000000e+06 -6.429620000000000000e+05 -3.211376000000000000e+06 9.226820000000000000e+05 -1.174102000000000000e+06 -2.194670000000000000e+05 -3.100120000000000000e+05 -6.695260000000000000e+05 -1.059994000000000000e+06 -2.709236000000000000e+06
-2.187142000000000000e+06 -1.140080000000000000e+06 -3.898059000000000000e+06 -2.069100000000000000e+04 3.185354000000000000e+06 7.309650000000000000e+05 4.968400000000000000e+04 3.106220000000000000e+05 2.644800000000000000e+04 2.179551000000000000e+06 5.887327000000000000e+06 2.564706000000000000e+06 -3.271867000000000000e+06 7.358640000000000000e+05 8.197870000000000000e+05 -2.146475000000000000e+06 1.241661000000000000e+06 -1.402791000000000000e+06 -7.138370000000000000e+05 -2.380666000000000000e+06
-9.245280000000000000e+05 -2.049580000000000000e+05 -3.085265000000000000e+06 -9.944990000000000000e+05 -5.984260000000000000e+05 2.593083000000000000e+06 1.255356000000000000e+06 4.436760000000000000e+05 1.304901000000000000e+06 -6.429620000000000000e+05 2.564706000000000000e+06 6.160270000000000000e+06 -3.605700000000000000e+04 -2.192952000000000000e+06 6.875570000000000000e+05 -6.334450000000000000e+05 -1.341190000000000000e+05 -6.449400000000000000e+04 3.248370000000000000e+05 -2.208988000000000000e+06
2.625930000000000000e+06 -5.174320000000000000e+05 8.310000000000000000e+05 -4.622230000000000000e+05 -1.872140000000000000e+06 -6.029930000000000000e+05 4.682690000000000000e+05 7.277860000000000000e+05 1.003933000000000000e+06 -3.211376000000000000e+06 -3.271867000000000000e+06 -3.605700000000000000e+04 8.155946000000000000e+06 -6.938870000000000000e+05 -3.107160000000000000e+05 -1.434722000000000000e+06 -1.699970000000000000e+06 2.220200000000000000e+06 2.711169000000000000e+06 1.932866000000000000e+06
1.286287000000000000e+06 9.643260000000000000e+05 9.479700000000000000e+05 -1.616400000000000000e+05 1.388961000000000000e+06 4.437490000000000000e+05 -1.521594000000000000e+06 3.201939000000000000e+06 -7.746770000000000000e+05 9.226820000000000000e+05 7.358640000000000000e+05 -2.192952000000000000e+06 -6.938870000000000000e+05 6.507944000000000000e+06 2.160188000000000000e+06 5.357170000000000000e+05 1.270072000000000000e+06 -3.374720000000000000e+05 -2.581396000000000000e+06 5.004130000000000000e+05
1.318827000000000000e+06 -8.552280000000000000e+05 -9.603250000000000000e+05 1.328712000000000000e+06 1.023577000000000000e+06 1.504428000000000000e+06 1.967474000000000000e+06 8.578900000000000000e+05 1.014181000000000000e+06 -1.174102000000000000e+06 8.197870000000000000e+05 6.875570000000000000e+05 -3.107160000000000000e+05 2.160188000000000000e+06 4.313207000000000000e+06 2.017770000000000000e+05 9.267770000000000000e+05 1.105065000000000000e+06 -2.166714000000000000e+06 1.102275000000000000e+06
5.455340000000000000e+05 2.299061000000000000e+06 1.589645000000000000e+06 -1.955165000000000000e+06 -1.435465000000000000e+06 1.348458000000000000e+06 -8.562210000000000000e+05 -1.757258000000000000e+06 1.783346000000000000e+06 -2.194670000000000000e+05 -2.146475000000000000e+06 -6.334450000000000000e+05 -1.434722000000000000e+06 5.357170000000000000e+05 2.017770000000000000e+05 8.518121000000000000e+06 2.404720000000000000e+05 1.393153000000000000e+06 -4.058600000000000000e+05 -7.629100000000000000e+04
-6.399220000000000000e+05 5.012930000000000000e+05 1.523402000000000000e+06 1.649555000000000000e+06 -3.521210000000000000e+05 8.653020000000000000e+05 -1.044753000000000000e+06 -2.437560000000000000e+05 7.735000000000000000e+04 -3.100120000000000000e+05 1.241661000000000000e+06 -1.341190000000000000e+05 -1.699970000000000000e+06 1.270072000000000000e+06 9.267770000000000000e+05 2.404720000000000000e+05 6.804365000000000000e+06 -2.359984000000000000e+06 -1.395545000000000000e+06 -5.984320000000000000e+05
1.751134000000000000e+06 1.733390000000000000e+05 -8.353790000000000000e+05 -4.293240000000000000e+05 -1.249852000000000000e+06 -2.966200000000000000e+05 2.138712000000000000e+06 -1.668563000000000000e+06 2.676807000000000000e+06 -6.695260000000000000e+05 -1.402791000000000000e+06 -6.449400000000000000e+04 2.220200000000000000e+06 -3.374720000000000000e+05 1.105065000000000000e+06 1.393153000000000000e+06 -2.359984000000000000e+06 6.420636000000000000e+06 1.425389000000000000e+06 -7.930300000000000000e+05
-3.311990000000000000e+05 4.422630000000000000e+05 -1.243285000000000000e+06 -1.034165000000000000e+06 -3.117799000000000000e+06 -1.493583000000000000e+06 -1.836002000000000000e+06 9.173400000000000000e+04 1.269622000000000000e+06 -1.059994000000000000e+06 -7.138370000000000000e+05 3.248370000000000000e+05 2.711169000000000000e+06 -2.581396000000000000e+06 -2.166714000000000000e+06 -4.058600000000000000e+05 -1.395545000000000000e+06 1.425389000000000000e+06 7.843347000000000000e+06 2.180602000000000000e+06
1.646090000000000000e+05 3.324090000000000000e+05 1.887683000000000000e+06 4.385000000000000000e+03 -2.687031000000000000e+06 -8.532630000000000000e+05 3.983660000000000000e+05 2.561896000000000000e+06 -1.127445000000000000e+06 -2.709236000000000000e+06 -2.380666000000000000e+06 -2.208988000000000000e+06 1.932866000000000000e+06 5.004130000000000000e+05 1.102275000000000000e+06 -7.629100000000000000e+04 -5.984320000000000000e+05 -7.930300000000000000e+05 2.180602000000000000e+06 7.726505000000000000e+06
