7.576010000000000000e+06 1.023857000000000000e+06 1.411068000000000000e+06 9.928040000000000000e+05 1.662634000000000000e+06 1.535404000000000000e+06 -1.421498000000000000e+06 4.062520000000000000e+05 4.064500000000000000e+05 -7.166140000000000000e+05 2.021168000000000000e+06 3.635110000000000000e+05 -4.989600000000000000e+04 6.303300000000000000e+04 -1.323911000000000000e+06 -1.074142000000000000e+06 -1.626050000000000000e+05 -3.085741000000000000e+06 -1.345839000000000000e+06 1.702936000000000000e+06
1.023857000000000000e+06 7.050689000000000000e+06 3.299780000000000000e+05 -5.403730000000000000e+05 4.277930000000000000e+05 1.188150000000000000e+05 -2.649131000000000000e+06 4.990980000000000000e+05 -1.813186000000000000e+06 -2.802970000000000000e+05 -4.632580000000000000e+05 1.828129000000000000e+06 1.040717000000000000e+06 -2.042888000000000000e+06 2.570570000000000000e+05 -1.992494000000000000e+06 -1.273880000000000000e+05 -7.222200000000000000e+04 -4.274400000000000000e+04 -6.958700000000000000e+04
1.411068000000000000e+06 3.299780000000000000e+05 7.233258000000000000e+06 1.166184000000000000e+06 4.422977000000000000e+06 -8.619210000000000000e+05 1.501100000000000000e+04 4.619890000000000000e+05 6.030580000000000000e+05 5.605040000000000000e+05 1.851236000000000000e+06 -9.837060000000000000e+05 1.714185000000000000e+06 -7.778600000000000000e+04 -8.183000000000000000e+03 -8.777430000000000000e+05 -7.930700000000000000e+05 1.541830000000000000e+05 1.302002000000000000e+06 1.094145000000000000e+06
9.928040000000000000e+05 -5.403730000000000000e+05 1.166184000000000000e+06 5.057780000000000000e+06 8.359680000000000000e+05 2.440820000000000000e+05 -8.409830000000000000e+05 -5.049340000000000000e+05 -3.312060000000000000e+05 4.193030000000000000e+05 3.631580000000000000e+05 -2.667280000000000000e+05 -3.726340000000000000e+05 -8.644520000000000000e+05 -1.047068000000000000e+06 7.385610000000000000e+05 -2.090149000000000000e+06 -1.397453000000000000e+06 -2.108482000000000000e+06 1.203840000000000000e+06
1.662634000000000000e+06 4.277930000000000000e+05 4.422977000000000000e+06 8.359680000000000000e+05 7.852186000000000000e+06 -2.064710000000000000e+05 -9.136520000000000000e+05 2.363699000000000000e+06 -2.250182000000000000e+06 -1.132829000000000000e+06 -2.918840000000000000e+05 -1.869005000000000000e+06 4.811520000000000000e+05 -7.588600000000000000e+04 4.635340000000000000e+05 1.314520000000000000e+06 -1.133941000000000000e+06 1.895903000000000000e+06 1.573868000000000000e+06 -5.963100000000000000e+04
1.535404000000000000e+06 1.188150000000000000e+05 -8.619210000000000000e+05 2.440820000000000000e+05 -2.064710000000000000e+05 5.361552000000000000e+06 3.369330000000000000e+05 6.823550000000000000e+05 -1.707689000000000000e+06 -1.965584000000000000e+06 -5.545680000000000000e+05 -6.468660000000000000e+05 -3.556625000000000000e+06 2.193931000000000000e+06 -1.275430000000000000e+05 1.101069000000000000e+06 5.591590000000000000e+05 -3.479440000000000000e+05 -1.188710000000000000e+05 6.904710000000000000e+05
-1.421498000000000000e+06 -2.649131000000000000e+06 1.501100000000000000e+04 -8.409830000000000000e+05 -9.136520000000000000e+05 3.369330000000000000e+05 5.289598000000000000e+06 -1.207422000000000000e+06 1.713626000000000000e+06 1.088510000000000000e+06 2.352840000000000000e+05 -3.101740000000000000e+05 -1.076240000000000000e+05 -5.424020000000000000e+05 3.545640000000000000e+05 -4.473390000000000000e+05 -4.008800000000000000e+05 -7.541950000000000000e+05 2.218891000000000000e+06 2.154676000000000000e+06
4.062520000000000000e+05 4.990980000000000000e+05 4.619890000000000000e+05 -5.049340000000000000e+05 2.363699000000000000e+06 6.823550000000000000e+05 -1.207422000000000000e+06 3.958280000000000000e+06 3.147600000000000000e+04 -1.770192000000000000e+06 6.927930000000000000e+05 -4.092910000000000000e+05 -2.657298000000000000e+06 -1.249730000000000000e+06 -1.090048000000000000e+06 8.828380000000000000e+05 1.824542000000000000e+06 1.235160000000000000e+06 -8.730800000000000000e+04 -9.825680000000000000e+05
4.064500000000000000e+05 -1.813186000000000000e+06 6.030580000000000000e+05 -3.312060000000000000e+05 -2.250182000000000000e+06 -1.707689000000000000e+06 1.713626000000000000e+06 3.147600000000000000e+04 5.942984000000000000e+06 3.708900000000000000e+04 2.333411000000000000e+06 1.972730000000000000e+05 2.471200000000000000e+04 -1.309989000000000000e+06 -6.322380000000000000e+05 7.089500000000000000e+04 -1.078033000000000000e+06 -2.703633000000000000e+06 -1.029240000000000000e+06 6.006220000000000000e+05
-7.166140000000000000e+05 -2.802970000000000000e+05 5.605040000000000000e+05 4.193030000000000000e+05 -1.132829000000000000e+06 -1.965584000000000000e+06 1.088510000000000000e+06 -1.770192000000000000e+06 3.708900000000000000e+04 7.574453000000000000e+06 -1.063746000000000000e+06 3.041186000000000000e+06 2.779063000000000000e+06 -1.525469000000000000e+06 -2.622243000000000000e+06 -3.581430000000000000e+05 -3.006462000000000000e+06 7.246350000000000000e+05 -1.113600000000000000e+04 2.282085000000000000e+06
2.021168000000000000e+06 -4.632580000000000000e+05 1.851236000000000000e+06 3.631580000000000000e+05 -2.918840000000000000e+05 -5.545680000000000000e+05 2.352840000000000000e+05 6.927930000000000000e+05 2.333411000000000000e+06 -1.063746000000000000e+06 7.426226000000000000e+06 -7.240530000000000000e+05 1.182162000000000000e+06 2.250570000000000000e+05 -1.941821000000000000e+06 -1.331257000000000000e+06 -1.359762000000000000e+06 -9.702160000000000000e+05 -2.354600000000000000e+04 2.357253000000000000e+06
3.635110000000000000e+05 1.828129000000000000e+06 -9.837060000000000000e+05 -2.667280000000000000e+05 -1.869005000000000000e+06 -6.468660000000000000e+05 -3.101740000000000000e+05 -4.092910000000000000e+05 1.972730000000000000e+05 3.041186000000000000e+06 -7.240530000000000000e+05 5.432976000000000000e+06 8.872800000000000000e+05 -2.916243000000000000e+06 -3.801184000000000000e+06 -1.237904000000000000e+06 -2.204820000000000000e+05 -7.412390000000000000e+05 3.585780000000000000e+05 3.167746000000000000e+06
-4.989600000000000000e+04 1.040717000000000000e+06 1.714185000000000000e+06 -3.726340000000000000e+05 4.811520000000000000e+05 -3.556625000000000000e+06 -1.076240000000000000e+05 -2.657298000000000000e+06 2.471200000000000000e+04 2.779063000000000000e+06 1.182162000000000000e+06 8.872800000000000000e+05 7.565943000000000000e+06 2.440200000000000000e+05 -1.932070000000000000e+05 -2.866196000000000000e+06 -2.761404000000000000e+06 9.024120000000000000e+05 1.868511000000000000e+06 1.733181000000000000e+06
6.303300000000000000e+04 -2.042888000000000000e+06 -7.778600000000000000e+04 -8.644520000000000000e+05 -7.588600000000000000e+04 2.193931000000000000e+06 -5.424020000000000000e+05 -1.249730000000000000e+06 -1.309989000000000000e+06 -1.525469000000000000e+06 2.250570000000000000e+05 -2.916243000000000000e+06 2.440200000000000000e+05 8.235398000000000000e+06 2.466231000000000000e+06 7.766180000000000000e+05 -1.472260000000000000e+05 2.629633000000000000e+06 -3.435610000000000000e+05 -1.184002000000000000e+06
-1.323911000000000000e+06 2.570570000000000000e+05 -8.183000000000000000e+03 -1.047068000000000000e+06 4.635340000000000000e+05 -1.275430000000000000e+05 3.545640000000000000e+05 -1.090048000000000000e+06 -6.322380000000000000e+05 -2.622243000000000000e+06 -1.941821000000000000e+06 -3.801184000000000000e+06 -1.932070000000000000e+05 2.466231000000000000e+06 7.431820000000000000e+06 -5.363230000000000000e+05 5.635670000000000000e+05 1.536058000000000000e+06 -5.593950000000000000e+05 -2.605417000000000000e+06
-1.074142000000000000e+06 -1.992494000000000000e+06 -8.777430000000000000e+05 7.385610000000000000e+05 1.314520000000000000e+06 1.101069000000000000e+06 -4.473390000000000000e+05 8.828380000000000000e+05 7.089500000000000000e+04 -3.581430000000000000e+05 -1.331257000000000000e+06 -1.237904000000000000e+06 -2.866196000000000000e+06 7.766180000000000000e+05 -5.363230000000000000e+05 7.152235000000000000e+06 -1.560887000000000000e+06 -7.264190000000000000e+05 -7.336290000000000000e+05 -1.330090000000000000e+06
-1.626050000000000000e+05 -1.273880000000000000e+05 -7.930700000000000000e+05 -2.090149000000000000e+06 -1.133941000000000000e+06 5.591590000000000000e+05 -4.008800000000000000e+05 1.824542000000000000e+06 -1.078033000000000000e+06 -3.006462000000000000e+06 -1.359762000000000000e+06 -2.204820000000000000e+05 -2.761404000000000000e+06 -1.472260000000000000e+05 5.635670000000000000e+05 -1.560887000000000000e+06 8.204520000000000000e+06 -6.749600000000000000e+04 1.336428000000000000e+06 -2.302920000000000000e+06
-3.085741000000000000e+06 -7.222200000000000000e+04 1.541830000000000000e+05 -1.397453000000000000e+06 1.895903000000000000e+06 -3.479440000000000000e+05 -7.541950000000000000e+05 1.235160000000000000e+06 -2.703633000000000000e+06 7.246350000000000000e+05 -9.702160000000000000e+05 -7.412390000000000000e+05 9.024120000000000000e+05 2.629633000000000000e+06 1.536058000000000000e+06 -7.264190000000000000e+05 -6.749600000000000000e+04 7.202377000000000000e+06 1.231424000000000000e+06 -4.729800000000000000e+05
-1.345839000000000000e+06 -4.274400000000000000e+04 1.302002000000000000e+06 -2.108482000000000000e+06 1.573868000000000000e+06 -1.188710000000000000e+05 2.218891000000000000e+06 -8.730800000000000000e+04 -1.029240000000000000e+06 -1.113600000000000000e+04 -2.354600000000000000e+04 3.585780000000000000e+05 1.868511000000000000e+06 -3.435610000000000000e+05 -5.593950000000000000e+05 -7.336290000000000000e+05 1.336428000000000000e+06 1.231424000000000000e+06 4.950501000000000000e+06 2.018312000000000000e+06
1.702936000000000000e+06 -6.958700000000000000e+04 1.094145000000000000e+06 1.203840000000000000e+06 -5.963100000000000000e+04 6.904710000000000000e+05 2.154676000000000000e+06 -9.825680000000000000e+05 6.006220000000000000e+05 2.282085000000000000e+06 2.357253000000000000e+06 3.167746000000000000e+06 1.733181000000000000e+06 -1.184002000000000000e+06 -2.605417000000000000e+06 -1.330090000000000000e+06 -2.302920000000000000e+06 -4.729800000000000000e+05 2.018312000000000000e+06 6.830710000000000000e+06
