6.321968000000000000e+06 2.947523000000000000e+06 -1.983462000000000000e+06 -8.479690000000000000e+05 6.582360000000000000e+05 9.654050000000000000e+05 5.464540000000000000e+05 2.245920000000000000e+05 5.806860000000000000e+05 -1.757870000000000000e+05 -2.042015000000000000e+06 -1.284446000000000000e+06 8.466710000000000000e+05 1.435550000000000000e+05 -1.814650000000000000e+05 -6.930230000000000000e+05 -2.483097000000000000e+06 -9.068460000000000000e+05 -1.807330000000000000e+05 -2.026221000000000000e+06
2.947523000000000000e+06 6.373924000000000000e+06 -1.934938000000000000e+06 -1.734243000000000000e+06 -1.040740000000000000e+05 -3.803152000000000000e+06 1.331089000000000000e+06 1.470190000000000000e+05 -8.688590000000000000e+05 -2.507370000000000000e+05 -4.001558000000000000e+06 -6.467640000000000000e+05 9.041130000000000000e+05 -2.834490000000000000e+05 1.578481000000000000e+06 -1.723091000000000000e+06 2.885310000000000000e+05 -1.683048000000000000e+06 -4.929610000000000000e+05 -6.742230000000000000e+05
-1.983462000000000000e+06 -1.934938000000000000e+06 7.325630000000000000e+06 6.348100000000000000e+05 -1.251284000000000000e+06 3.270800000000000000e+04 -3.841360000000000000e+05 2.050892000000000000e+06 -1.084153000000000000e+06 -1.617427000000000000e+06 1.540016000000000000e+06 5.471940000000000000e+05 -2.521142000000000000e+06 2.151800000000000000e+05 -8.594160000000000000e+05 7.372900000000000000e+05 1.437323000000000000e+06 -1.043167000000000000e+06 -8.647690000000000000e+05 7.336770000000000000e+05
-8.479690000000000000e+05 -1.734243000000000000e+06 6.348100000000000000e+05 5.099938000000000000e+06 2.204711000000000000e+06 3.310121000000000000e+06 -2.026750000000000000e+06 1.332444000000000000e+06 -6.413280000000000000e+05 -5.121720000000000000e+05 -3.787780000000000000e+05 -5.974700000000000000e+04 -6.923770000000000000e+05 -1.258000000000000000e+05 -1.286275000000000000e+06 3.638790000000000000e+05 -5.472180000000000000e+05 1.107451000000000000e+06 1.220443000000000000e+06 8.267800000000000000e+05
6.582360000000000000e+05 -1.040740000000000000e+05 -1.251284000000000000e+06 2.204711000000000000e+06 4.166804000000000000e+06 1.602928000000000000e+06 -4.322950000000000000e+05 9.467590000000000000e+05 -4.224390000000000000e+05 -7.312300000000000000e+04 9.489170000000000000e+05 -1.025694000000000000e+06 -7.378220000000000000e+05 -2.174731000000000000e+06 3.376600000000000000e+04 2.525520000000000000e+05 -2.273640000000000000e+05 7.551320000000000000e+05 2.873972000000000000e+06 -4.163370000000000000e+05
9.654050000000000000e+05 -3.803152000000000000e+06 3.270800000000000000e+04 3.310121000000000000e+06 1.602928000000000000e+06 8.033320000000000000e+06 -1.981474000000000000e+06 1.991129000000000000e+06 -6.494450000000000000e+05 3.510080000000000000e+05 1.183267000000000000e+06 -1.175296000000000000e+06 5.914000000000000000e+05 7.271110000000000000e+05 -1.877919000000000000e+06 9.901380000000000000e+05 -1.815102000000000000e+06 1.543266000000000000e+06 -9.809600000000000000e+04 -1.324706000000000000e+06
5.464540000000000000e+05 1.331089000000000000e+06 -3.841360000000000000e+05 -2.026750000000000000e+06 -4.322950000000000000e+05 -1.981474000000000000e+06 5.412303000000000000e+06 -1.460514000000000000e+06 -5.431510000000000000e+05 2.453554000000000000e+06 5.873450000000000000e+05 -4.486160000000000000e+05 8.664730000000000000e+05 -4.627900000000000000e+04 -1.027630000000000000e+06 -1.047281000000000000e+06 9.285040000000000000e+05 1.471370000000000000e+06 1.128556000000000000e+06 -1.320810000000000000e+05
2.245920000000000000e+05 1.470190000000000000e+05 2.050892000000000000e+06 1.332444000000000000e+06 9.467590000000000000e+05 1.991129000000000000e+06 -1.460514000000000000e+06 6.089663000000000000e+06 -1.162941000000000000e+06 2.667520000000000000e+05 -7.163520000000000000e+05 -2.874722000000000000e+06 1.355010000000000000e+05 -3.538860000000000000e+05 1.902046000000000000e+06 6.396440000000000000e+05 7.069700000000000000e+04 6.077810000000000000e+05 6.288480000000000000e+05 5.433770000000000000e+05
5.806860000000000000e+05 -8.688590000000000000e+05 -1.084153000000000000e+06 -6.413280000000000000e+05 -4.224390000000000000e+05 -6.494450000000000000e+05 -5.431510000000000000e+05 -1.162941000000000000e+06 4.050070000000000000e+06 1.169697000000000000e+06 -5.561340000000000000e+05 -1.815810000000000000e+05 7.397770000000000000e+05 2.080400000000000000e+04 -3.768380000000000000e+05 1.143040000000000000e+05 1.154598000000000000e+06 4.844300000000000000e+04 -1.125613000000000000e+06 7.275960000000000000e+05
-1.757870000000000000e+05 -2.507370000000000000e+05 -1.617427000000000000e+06 -5.121720000000000000e+05 -7.312300000000000000e+04 3.510080000000000000e+05 2.453554000000000000e+06 2.667520000000000000e+05 1.169697000000000000e+06 6.153851000000000000e+06 -9.348950000000000000e+05 -1.586584000000000000e+06 1.444125000000000000e+06 -3.955760000000000000e+05 -3.743990000000000000e+05 -1.576742000000000000e+06 1.563006000000000000e+06 3.638597000000000000e+06 -9.372950000000000000e+05 9.167570000000000000e+05
-2.042015000000000000e+06 -4.001558000000000000e+06 1.540016000000000000e+06 -3.787780000000000000e+05 9.489170000000000000e+05 1.183267000000000000e+06 5.873450000000000000e+05 -7.163520000000000000e+05 -5.561340000000000000e+05 -9.348950000000000000e+05 6.366473000000000000e+06 -3.924200000000000000e+04 -1.420251000000000000e+06 4.717780000000000000e+05 -6.974150000000000000e+05 3.213561000000000000e+06 -9.984660000000000000e+05 1.577608000000000000e+06 2.828075000000000000e+06 6.217700000000000000e+04
-1.284446000000000000e+06 -6.467640000000000000e+05 5.471940000000000000e+05 -5.974700000000000000e+04 -1.025694000000000000e+06 -1.175296000000000000e+06 -4.486160000000000000e+05 -2.874722000000000000e+06 -1.815810000000000000e+05 -1.586584000000000000e+06 -3.924200000000000000e+04 5.568185000000000000e+06 -9.416020000000000000e+05 -9.618000000000000000e+04 -1.491565000000000000e+06 -1.625072000000000000e+06 -2.004395000000000000e+06 -2.386896000000000000e+06 -1.732533000000000000e+06 2.332057000000000000e+06
8.466710000000000000e+05 9.041130000000000000e+05 -2.521142000000000000e+06 -6.923770000000000000e+05 -7.378220000000000000e+05 5.914000000000000000e+05 8.664730000000000000e+05 1.355010000000000000e+05 7.397770000000000000e+05 1.444125000000000000e+06 -1.420251000000000000e+06 -9.416020000000000000e+05 3.536308000000000000e+06 1.090393000000000000e+06 -3.586730000000000000e+05 -5.989630000000000000e+05 -4.950090000000000000e+05 2.909660000000000000e+05 -1.013914000000000000e+06 -9.761100000000000000e+04
1.435550000000000000e+05 -2.834490000000000000e+05 2.151800000000000000e+05 -1.258000000000000000e+05 -2.174731000000000000e+06 7.271110000000000000e+05 -4.627900000000000000e+04 -3.538860000000000000e+05 2.080400000000000000e+04 -3.955760000000000000e+05 4.717780000000000000e+05 -9.618000000000000000e+04 1.090393000000000000e+06 5.982919000000000000e+06 -1.827823000000000000e+06 2.171782000000000000e+06 -2.216603000000000000e+06 1.334661000000000000e+06 -2.369186000000000000e+06 -2.183300000000000000e+06
-1.814650000000000000e+05 1.578481000000000000e+06 -8.594160000000000000e+05 -1.286275000000000000e+06 3.376600000000000000e+04 -1.877919000000000000e+06 -1.027630000000000000e+06 1.902046000000000000e+06 -3.768380000000000000e+05 -3.743990000000000000e+05 -6.974150000000000000e+05 -1.491565000000000000e+06 -3.586730000000000000e+05 -1.827823000000000000e+06 6.132330000000000000e+06 1.016746000000000000e+06 2.700602000000000000e+06 4.450130000000000000e+05 1.795426000000000000e+06 3.135750000000000000e+05
-6.930230000000000000e+05 -1.723091000000000000e+06 7.372900000000000000e+05 3.638790000000000000e+05 2.525520000000000000e+05 9.901380000000000000e+05 -1.047281000000000000e+06 6.396440000000000000e+05 1.143040000000000000e+05 -1.576742000000000000e+06 3.213561000000000000e+06 -1.625072000000000000e+06 -5.989630000000000000e+05 2.171782000000000000e+06 1.016746000000000000e+06 4.317979000000000000e+06 -8.405300000000000000e+04 9.407810000000000000e+05 1.665367000000000000e+06 2.706480000000000000e+05
-2.483097000000000000e+06 2.885310000000000000e+05 1.437323000000000000e+06 -5.472180000000000000e+05 -2.273640000000000000e+05 -1.815102000000000000e+06 9.285040000000000000e+05 7.069700000000000000e+04 1.154598000000000000e+06 1.563006000000000000e+06 -9.984660000000000000e+05 -2.004395000000000000e+06 -4.950090000000000000e+05 -2.216603000000000000e+06 2.700602000000000000e+06 -8.405300000000000000e+04 6.818812000000000000e+06 1.084477000000000000e+06 6.060200000000000000e+04 -2.129640000000000000e+05
-9.068460000000000000e+05 -1.683048000000000000e+06 -1.043167000000000000e+06 1.107451000000000000e+06 7.551320000000000000e+05 1.543266000000000000e+06 1.471370000000000000e+06 6.077810000000000000e+05 4.844300000000000000e+04 3.638597000000000000e+06 1.577608000000000000e+06 -2.386896000000000000e+06 2.909660000000000000e+05 1.334661000000000000e+06 4.450130000000000000e+05 9.407810000000000000e+05 1.084477000000000000e+06 5.736155000000000000e+06 8.430600000000000000e+05 -2.455548000000000000e+06
-1.807330000000000000e+05 -4.929610000000000000e+05 -8.647690000000000000e+05 1.220443000000000000e+06 2.873972000000000000e+06 -9.809600000000000000e+04 1.128556000000000000e+06 6.288480000000000000e+05 -1.125613000000000000e+06 -9.372950000000000000e+05 2.828075000000000000e+06 -1.732533000000000000e+06 -1.013914000000000000e+06 -2.369186000000000000e+06 1.795426000000000000e+06 1.665367000000000000e+06 6.060200000000000000e+04 8.430600000000000000e+05 6.972592000000000000e+06 1.424313000000000000e+06
-2.026221000000000000e+06 -6.742230000000000000e+05 7.336770000000000000e+05 8.267800000000000000e+05 -4.163370000000000000e+05 -1.324706000000000000e+06 -1.320810000000000000e+05 5.433770000000000000e+05 7.275960000000000000e+05 9.167570000000000000e+05 6.217700000000000000e+04 2.332057000000000000e+06 -9.761100000000000000e+04 -2.183300000000000000e+06 3.135750000000000000e+05 2.706480000000000000e+05 -2.129640000000000000e+05 -2.455548000000000000e+06 1.424313000000000000e+06 1.011653700000000000e+07
