5.704380000000000000e+06 6.256310000000000000e+05 -1.078652000000000000e+06 -1.260100000000000000e+05 -2.271000000000000000e+05 -3.725720000000000000e+05 -4.284200000000000000e+05 1.907322000000000000e+06 -9.917920000000000000e+05 -1.279991000000000000e+06 2.445430000000000000e+05 -3.523888000000000000e+06 -2.081888000000000000e+06 -1.611240000000000000e+05 -2.276674000000000000e+06 -1.438020000000000000e+06 3.093940000000000000e+05 -2.531039000000000000e+06 -8.526370000000000000e+05 -1.631491000000000000e+06
6.256310000000000000e+05 5.549491000000000000e+06 -1.329096000000000000e+06 2.242059000000000000e+06 -5.763740000000000000e+05 1.343370000000000000e+05 -6.896380000000000000e+05 -7.481450000000000000e+05 2.325300000000000000e+04 -1.645796000000000000e+06 2.121170000000000000e+05 -2.187654000000000000e+06 2.289333000000000000e+06 -3.288000000000000000e+04 1.233367000000000000e+06 -8.697330000000000000e+05 1.561632000000000000e+06 3.570650000000000000e+05 -2.468620000000000000e+05 -6.935000000000000000e+05
-1.078652000000000000e+06 -1.329096000000000000e+06 7.252226000000000000e+06 -2.056740000000000000e+05 -4.018820000000000000e+05 -1.757166000000000000e+06 1.138258000000000000e+06 2.563843000000000000e+06 -1.276498000000000000e+06 1.519678000000000000e+06 -1.230455000000000000e+06 1.563901000000000000e+06 1.465894000000000000e+06 5.748480000000000000e+05 1.222601000000000000e+06 2.523324000000000000e+06 2.572200000000000000e+04 1.740227000000000000e+06 -1.787614000000000000e+06 2.927050000000000000e+05
-1.260100000000000000e+05 2.242059000000000000e+06 -2.056740000000000000e+05 6.526997000000000000e+06 1.136613000000000000e+06 1.380280000000000000e+05 -9.893080000000000000e+05 -4.100420000000000000e+05 1.045500000000000000e+06 -1.512039000000000000e+06 9.579990000000000000e+05 -1.555239000000000000e+06 -1.053869000000000000e+06 3.800380000000000000e+05 1.834166000000000000e+06 5.097840000000000000e+05 6.223860000000000000e+05 1.929390000000000000e+06 1.407002000000000000e+06 -3.790050000000000000e+05
-2.271000000000000000e+05 -5.763740000000000000e+05 -4.018820000000000000e+05 1.136613000000000000e+06 6.492983000000000000e+06 3.656260000000000000e+05 -3.710870000000000000e+06 1.247713000000000000e+06 1.540166000000000000e+06 -1.716018000000000000e+06 -3.556170000000000000e+05 3.517720000000000000e+05 -1.684187000000000000e+06 -9.116870000000000000e+05 2.110840000000000000e+05 -1.338762000000000000e+06 -1.703844000000000000e+06 -1.094497000000000000e+06 9.390200000000000000e+04 1.280589000000000000e+06
-3.725720000000000000e+05 1.343370000000000000e+05 -1.757166000000000000e+06 1.380280000000000000e+05 3.656260000000000000e+05 7.957040000000000000e+06 2.022283000000000000e+06 4.040420000000000000e+05 2.571100000000000000e+05 -3.808239000000000000e+06 -1.930780000000000000e+05 -9.664640000000000000e+05 7.037310000000000000e+05 2.146235000000000000e+06 2.437076000000000000e+06 -7.369720000000000000e+05 -1.314021000000000000e+06 2.066812000000000000e+06 -4.661510000000000000e+06 -3.007900000000000000e+04
-4.284200000000000000e+05 -6.896380000000000000e+05 1.138258000000000000e+06 -9.893080000000000000e+05 -3.710870000000000000e+06 2.022283000000000000e+06 7.271754000000000000e+06 -1.308273000000000000e+06 3.263400000000000000e+05 2.505717000000000000e+06 1.875469000000000000e+06 2.173596000000000000e+06 1.373861000000000000e+06 2.200627000000000000e+06 1.481403000000000000e+06 2.820610000000000000e+06 6.988540000000000000e+05 1.870845000000000000e+06 -2.554678000000000000e+06 -1.329996000000000000e+06
1.907322000000000000e+06 -7.481450000000000000e+05 2.563843000000000000e+06 -4.100420000000000000e+05 1.247713000000000000e+06 4.040420000000000000e+05 -1.308273000000000000e+06 6.005185000000000000e+06 -6.541710000000000000e+05 -1.694171000000000000e+06 -1.384026000000000000e+06 -2.135902000000000000e+06 -9.833420000000000000e+05 -1.744838000000000000e+06 -1.528500000000000000e+04 1.034844000000000000e+06 -1.219025000000000000e+06 -6.751280000000000000e+05 -1.015646000000000000e+06 -6.647400000000000000e+05
-9.917920000000000000e+05 2.325300000000000000e+04 -1.276498000000000000e+06 1.045500000000000000e+06 1.540166000000000000e+06 2.571100000000000000e+05 3.263400000000000000e+05 -6.541710000000000000e+05 8.712382000000000000e+06 5.106620000000000000e+05 3.698823000000000000e+06 4.056841000000000000e+06 2.184150000000000000e+05 -1.740701000000000000e+06 5.263890000000000000e+05 1.682100000000000000e+04 -2.257303000000000000e+06 2.988792000000000000e+06 -4.603980000000000000e+05 6.317710000000000000e+05
-1.279991000000000000e+06 -1.645796000000000000e+06 1.519678000000000000e+06 -1.512039000000000000e+06 -1.716018000000000000e+06 -3.808239000000000000e+06 2.505717000000000000e+06 -1.694171000000000000e+06 5.106620000000000000e+05 6.536289000000000000e+06 -7.244750000000000000e+05 1.942696000000000000e+06 1.928129000000000000e+06 -5.293860000000000000e+05 -9.410880000000000000e+05 1.556325000000000000e+06 2.117009000000000000e+06 9.402410000000000000e+05 1.495967000000000000e+06 2.086077000000000000e+06
2.445430000000000000e+05 2.121170000000000000e+05 -1.230455000000000000e+06 9.579990000000000000e+05 -3.556170000000000000e+05 -1.930780000000000000e+05 1.875469000000000000e+06 -1.384026000000000000e+06 3.698823000000000000e+06 -7.244750000000000000e+05 7.007304000000000000e+06 3.013002000000000000e+06 -2.140771000000000000e+06 3.804400000000000000e+05 1.917257000000000000e+06 2.486120000000000000e+06 -2.545194000000000000e+06 1.249919000000000000e+06 7.907500000000000000e+04 -3.446295000000000000e+06
-3.523888000000000000e+06 -2.187654000000000000e+06 1.563901000000000000e+06 -1.555239000000000000e+06 3.517720000000000000e+05 -9.664640000000000000e+05 2.173596000000000000e+06 -2.135902000000000000e+06 4.056841000000000000e+06 1.942696000000000000e+06 3.013002000000000000e+06 9.563922000000000000e+06 1.596914000000000000e+06 1.926703000000000000e+06 1.093967000000000000e+06 1.416269000000000000e+06 -1.497778000000000000e+06 1.733758000000000000e+06 1.148629000000000000e+06 8.116390000000000000e+05
-2.081888000000000000e+06 2.289333000000000000e+06 1.465894000000000000e+06 -1.053869000000000000e+06 -1.684187000000000000e+06 7.037310000000000000e+05 1.373861000000000000e+06 -9.833420000000000000e+05 2.184150000000000000e+05 1.928129000000000000e+06 -2.140771000000000000e+06 1.596914000000000000e+06 7.404542000000000000e+06 9.965100000000000000e+05 1.097840000000000000e+05 -1.102630000000000000e+06 2.028537000000000000e+06 2.126132000000000000e+06 -6.276910000000000000e+05 3.770649000000000000e+06
-1.611240000000000000e+05 -3.288000000000000000e+04 5.748480000000000000e+05 3.800380000000000000e+05 -9.116870000000000000e+05 2.146235000000000000e+06 2.200627000000000000e+06 -1.744838000000000000e+06 -1.740701000000000000e+06 -5.293860000000000000e+05 3.804400000000000000e+05 1.926703000000000000e+06 9.965100000000000000e+05 5.323092000000000000e+06 -1.390420000000000000e+05 1.923960000000000000e+05 3.488030000000000000e+05 8.020900000000000000e+05 -8.056800000000000000e+05 -1.403800000000000000e+04
-2.276674000000000000e+06 1.233367000000000000e+06 1.222601000000000000e+06 1.834166000000000000e+06 2.110840000000000000e+05 2.437076000000000000e+06 1.481403000000000000e+06 -1.528500000000000000e+04 5.263890000000000000e+05 -9.410880000000000000e+05 1.917257000000000000e+06 1.093967000000000000e+06 1.097840000000000000e+05 -1.390420000000000000e+05 6.601512000000000000e+06 1.634494000000000000e+06 -1.299111000000000000e+06 3.231032000000000000e+06 -2.216860000000000000e+06 -1.480862000000000000e+06
-1.438020000000000000e+06 -8.697330000000000000e+05 2.523324000000000000e+06 5.097840000000000000e+05 -1.338762000000000000e+06 -7.369720000000000000e+05 2.820610000000000000e+06 1.034844000000000000e+06 1.682100000000000000e+04 1.556325000000000000e+06 2.486120000000000000e+06 1.416269000000000000e+06 -1.102630000000000000e+06 1.923960000000000000e+05 1.634494000000000000e+06 6.793139000000000000e+06 1.185834000000000000e+06 3.248900000000000000e+05 7.256340000000000000e+05 -1.681219000000000000e+06
3.093940000000000000e+05 1.561632000000000000e+06 2.572200000000000000e+04 6.223860000000000000e+05 -1.703844000000000000e+06 -1.314021000000000000e+06 6.988540000000000000e+05 -1.219025000000000000e+06 -2.257303000000000000e+06 2.117009000000000000e+06 -2.545194000000000000e+06 -1.497778000000000000e+06 2.028537000000000000e+06 3.488030000000000000e+05 -1.299111000000000000e+06 1.185834000000000000e+06 6.009973000000000000e+06 -1.367853000000000000e+06 2.752891000000000000e+06 2.008301000000000000e+06
-2.531039000000000000e+06 3.570650000000000000e+05 1.740227000000000000e+06 1.929390000000000000e+06 -1.094497000000000000e+06 2.066812000000000000e+06 1.870845000000000000e+06 -6.751280000000000000e+05 2.988792000000000000e+06 9.402410000000000000e+05 1.249919000000000000e+06 1.733758000000000000e+06 2.126132000000000000e+06 8.020900000000000000e+05 3.231032000000000000e+06 3.248900000000000000e+05 -1.367853000000000000e+06 6.168688000000000000e+06 -2.838309000000000000e+06 9.199900000000000000e+04
-8.526370000000000000e+05 -2.468620000000000000e+05 -1.787614000000000000e+06 1.407002000000000000e+06 9.390200000000000000e+04 -4.661510000000000000e+06 -2.554678000000000000e+06 -1.015646000000000000e+06 -4.603980000000000000e+05 1.495967000000000000e+06 7.907500000000000000e+04 1.148629000000000000e+06 -6.276910000000000000e+05 -8.056800000000000000e+05 -2.216860000000000000e+06 7.256340000000000000e+05 2.752891000000000000e+06 -2.838309000000000000e+06 8.289557000000000000e+06 1.299524000000000000e+06
-1.631491000000000000e+06 -6.935000000000000000e+05 2.927050000000000000e+05 -3.790050000000000000e+05 1.280589000000000000e+06 -3.007900000000000000e+04 -1.329996000000000000e+06 -6.647400000000000000e+05 6.317710000000000000e+05 2.086077000000000000e+06 -3.446295000000000000e+06 8.116390000000000000e+05 3.770649000000000000e+06 -1.403800000000000000e+04 -1.480862000000000000e+06 -1.681219000000000000e+06 2.008301000000000000e+06 9.199900000000000000e+04 1.299524000000000000e+06 6.581878000000000000e+06
