5.897684000000000000e+06 1.610410000000000000e+05 2.253602000000000000e+06 2.552139000000000000e+06 1.844994000000000000e+06 4.682930000000000000e+05 -4.785780000000000000e+05 -1.738880000000000000e+05 2.018303000000000000e+06 -1.029302000000000000e+06 -4.502800000000000000e+05 1.753600000000000000e+05 6.649780000000000000e+05 -1.801299000000000000e+06 1.273527000000000000e+06 1.228526000000000000e+06 1.272280000000000000e+05 1.091565000000000000e+06 5.255280000000000000e+05 -6.991100000000000000e+04
1.610410000000000000e+05 6.131192000000000000e+06 -1.712900000000000000e+04 4.611140000000000000e+05 -1.213701000000000000e+06 2.016409000000000000e+06 -1.091719000000000000e+06 -3.214160000000000000e+06 2.444270000000000000e+05 8.247450000000000000e+05 -1.045209000000000000e+06 9.159880000000000000e+05 1.429190000000000000e+05 -2.715550000000000000e+05 9.925520000000000000e+05 1.611083000000000000e+06 2.880722000000000000e+06 -1.748865000000000000e+06 5.991600000000000000e+05 -1.044702000000000000e+06
2.253602000000000000e+06 -1.712900000000000000e+04 7.163402000000000000e+06 -1.654300000000000000e+05 -1.633609000000000000e+06 2.021197000000000000e+06 -6.988430000000000000e+05 -9.809290000000000000e+05 5.587070000000000000e+05 -5.456210000000000000e+05 -3.205648000000000000e+06 -4.993790000000000000e+05 1.143085000000000000e+06 4.595040000000000000e+05 1.559944000000000000e+06 4.632160000000000000e+05 -1.893058000000000000e+06 2.161372000000000000e+06 2.511954000000000000e+06 -1.012160000000000000e+05
2.552139000000000000e+06 4.611140000000000000e+05 -1.654300000000000000e+05 9.284120000000000000e+06 -2.292664000000000000e+06 -5.338240000000000000e+05 1.044033000000000000e+06 1.409704000000000000e+06 6.465500000000000000e+05 -6.210050000000000000e+05 1.249911000000000000e+06 -6.529240000000000000e+05 -1.598800000000000000e+05 -1.134371000000000000e+06 2.352406000000000000e+06 3.664808000000000000e+06 -1.622309000000000000e+06 -1.357790000000000000e+05 2.434640000000000000e+06 7.908530000000000000e+05
1.844994000000000000e+06 -1.213701000000000000e+06 -1.633609000000000000e+06 -2.292664000000000000e+06 6.456024000000000000e+06 -1.706676000000000000e+06 -8.187020000000000000e+05 -2.693790000000000000e+05 -1.064050000000000000e+05 8.490300000000000000e+04 4.573100000000000000e+04 4.879810000000000000e+05 -1.468641000000000000e+06 1.221432000000000000e+06 -1.944804000000000000e+06 -3.688460000000000000e+05 1.002689000000000000e+06 -1.090254000000000000e+06 -1.105146000000000000e+06 -1.005490000000000000e+05
4.682930000000000000e+05 2.016409000000000000e+06 2.021197000000000000e+06 -5.338240000000000000e+05 -1.706676000000000000e+06 6.367084000000000000e+06 -3.992100000000000000e+04 -1.219749000000000000e+06 -7.693670000000000000e+05 -4.047500000000000000e+05 9.281220000000000000e+05 -2.646047000000000000e+06 2.334080000000000000e+06 -1.358881000000000000e+06 2.574398000000000000e+06 -1.599306000000000000e+06 -1.975531000000000000e+06 2.310469000000000000e+06 -1.751281000000000000e+06 -1.931080000000000000e+05
-4.785780000000000000e+05 -1.091719000000000000e+06 -6.988430000000000000e+05 1.044033000000000000e+06 -8.187020000000000000e+05 -3.992100000000000000e+04 7.380705000000000000e+06 -3.241490000000000000e+05 -2.263294000000000000e+06 -2.117347000000000000e+06 -5.000950000000000000e+05 -3.608683000000000000e+06 3.629160000000000000e+05 2.696598000000000000e+06 2.909438000000000000e+06 6.009260000000000000e+05 -3.626683000000000000e+06 3.364750000000000000e+06 -7.871860000000000000e+05 1.245009000000000000e+06
-1.738880000000000000e+05 -3.214160000000000000e+06 -9.809290000000000000e+05 1.409704000000000000e+06 -2.693790000000000000e+05 -1.219749000000000000e+06 -3.241490000000000000e+05 7.344914000000000000e+06 -4.699630000000000000e+05 -1.125950000000000000e+05 1.409632000000000000e+06 1.193230000000000000e+06 -7.636730000000000000e+05 -3.959500000000000000e+05 6.835320000000000000e+05 -3.292890000000000000e+05 -1.783420000000000000e+05 7.594690000000000000e+05 -1.073432000000000000e+06 3.047150000000000000e+05
2.018303000000000000e+06 2.444270000000000000e+05 5.587070000000000000e+05 6.465500000000000000e+05 -1.064050000000000000e+05 -7.693670000000000000e+05 -2.263294000000000000e+06 -4.699630000000000000e+05 5.757365000000000000e+06 -1.178080000000000000e+05 8.231280000000000000e+05 1.570600000000000000e+05 -7.873000000000000000e+05 -3.422660000000000000e+05 -8.942210000000000000e+05 1.266904000000000000e+06 2.430589000000000000e+06 4.021930000000000000e+05 1.743616000000000000e+06 1.355171000000000000e+06
-1.029302000000000000e+06 8.247450000000000000e+05 -5.456210000000000000e+05 -6.210050000000000000e+05 8.490300000000000000e+04 -4.047500000000000000e+05 -2.117347000000000000e+06 -1.125950000000000000e+05 -1.178080000000000000e+05 6.209013000000000000e+06 1.988300000000000000e+05 1.439063000000000000e+06 -2.004836000000000000e+06 9.123800000000000000e+04 -3.770180000000000000e+06 -1.331113000000000000e+06 2.671836000000000000e+06 -2.712455000000000000e+06 -1.271872000000000000e+06 -2.237377000000000000e+06
-4.502800000000000000e+05 -1.045209000000000000e+06 -3.205648000000000000e+06 1.249911000000000000e+06 4.573100000000000000e+04 9.281220000000000000e+05 -5.000950000000000000e+05 1.409632000000000000e+06 8.231280000000000000e+05 1.988300000000000000e+05 6.679464000000000000e+06 -1.085819000000000000e+06 -2.847490000000000000e+05 -2.593448000000000000e+06 -1.337530000000000000e+05 -7.112650000000000000e+05 -1.637115000000000000e+06 1.135027000000000000e+06 -1.438299000000000000e+06 3.342060000000000000e+05
1.753600000000000000e+05 9.159880000000000000e+05 -4.993790000000000000e+05 -6.529240000000000000e+05 4.879810000000000000e+05 -2.646047000000000000e+06 -3.608683000000000000e+06 1.193230000000000000e+06 1.570600000000000000e+05 1.439063000000000000e+06 -1.085819000000000000e+06 7.014603000000000000e+06 -1.175497000000000000e+06 -8.491360000000000000e+05 -1.758810000000000000e+05 -1.513990000000000000e+05 3.314562000000000000e+06 -4.230647000000000000e+06 7.512270000000000000e+05 -1.945276000000000000e+06
6.649780000000000000e+05 1.429190000000000000e+05 1.143085000000000000e+06 -1.598800000000000000e+05 -1.468641000000000000e+06 2.334080000000000000e+06 3.629160000000000000e+05 -7.636730000000000000e+05 -7.873000000000000000e+05 -2.004836000000000000e+06 -2.847490000000000000e+05 -1.175497000000000000e+06 6.293124000000000000e+06 -2.618662000000000000e+06 9.301710000000000000e+05 1.086833000000000000e+06 -1.824235000000000000e+06 2.067775000000000000e+06 -2.594380000000000000e+05 1.626770000000000000e+06
-1.801299000000000000e+06 -2.715550000000000000e+05 4.595040000000000000e+05 -1.134371000000000000e+06 1.221432000000000000e+06 -1.358881000000000000e+06 2.696598000000000000e+06 -3.959500000000000000e+05 -3.422660000000000000e+05 9.123800000000000000e+04 -2.593448000000000000e+06 -8.491360000000000000e+05 -2.618662000000000000e+06 7.043109000000000000e+06 5.521560000000000000e+05 -4.133420000000000000e+05 -7.257000000000000000e+03 -4.909230000000000000e+05 1.064082000000000000e+06 1.881866000000000000e+06
1.273527000000000000e+06 9.925520000000000000e+05 1.559944000000000000e+06 2.352406000000000000e+06 -1.944804000000000000e+06 2.574398000000000000e+06 2.909438000000000000e+06 6.835320000000000000e+05 -8.942210000000000000e+05 -3.770180000000000000e+06 -1.337530000000000000e+05 -1.758810000000000000e+05 9.301710000000000000e+05 5.521560000000000000e+05 7.682490000000000000e+06 -9.230600000000000000e+04 -2.674636000000000000e+06 1.692129000000000000e+06 1.279665000000000000e+06 -3.765360000000000000e+05
1.228526000000000000e+06 1.611083000000000000e+06 4.632160000000000000e+05 3.664808000000000000e+06 -3.688460000000000000e+05 -1.599306000000000000e+06 6.009260000000000000e+05 -3.292890000000000000e+05 1.266904000000000000e+06 -1.331113000000000000e+06 -7.112650000000000000e+05 -1.513990000000000000e+05 1.086833000000000000e+06 -4.133420000000000000e+05 -9.230600000000000000e+04 6.402520000000000000e+06 1.227735000000000000e+06 5.390200000000000000e+05 2.705804000000000000e+06 1.360837000000000000e+06
1.272280000000000000e+05 2.880722000000000000e+06 -1.893058000000000000e+06 -1.622309000000000000e+06 1.002689000000000000e+06 -1.975531000000000000e+06 -3.626683000000000000e+06 -1.783420000000000000e+05 2.430589000000000000e+06 2.671836000000000000e+06 -1.637115000000000000e+06 3.314562000000000000e+06 -1.824235000000000000e+06 -7.257000000000000000e+03 -2.674636000000000000e+06 1.227735000000000000e+06 8.040000000000000000e+06 -4.307137000000000000e+06 -4.458240000000000000e+05 -1.778624000000000000e+06
1.091565000000000000e+06 -1.748865000000000000e+06 2.161372000000000000e+06 -1.357790000000000000e+05 -1.090254000000000000e+06 2.310469000000000000e+06 3.364750000000000000e+06 7.594690000000000000e+05 4.021930000000000000e+05 -2.712455000000000000e+06 1.135027000000000000e+06 -4.230647000000000000e+06 2.067775000000000000e+06 -4.909230000000000000e+05 1.692129000000000000e+06 5.390200000000000000e+05 -4.307137000000000000e+06 6.161282000000000000e+06 8.080230000000000000e+05 2.372946000000000000e+06
5.255280000000000000e+05 5.991600000000000000e+05 2.511954000000000000e+06 2.434640000000000000e+06 -1.105146000000000000e+06 -1.751281000000000000e+06 -7.871860000000000000e+05 -1.073432000000000000e+06 1.743616000000000000e+06 -1.271872000000000000e+06 -1.438299000000000000e+06 7.512270000000000000e+05 -2.594380000000000000e+05 1.064082000000000000e+06 1.279665000000000000e+06 2.705804000000000000e+06 -4.458240000000000000e+05 8.080230000000000000e+05 8.571509000000000000e+06 1.608352000000000000e+06
-6.991100000000000000e+04 -1.044702000000000000e+06 -1.012160000000000000e+05 7.908530000000000000e+05 -1.005490000000000000e+05 -1.931080000000000000e+05 1.245009000000000000e+06 3.047150000000000000e+05 1.355171000000000000e+06 -2.237377000000000000e+06 3.342060000000000000e+05 -1.945276000000000000e+06 1.626770000000000000e+06 1.881866000000000000e+06 -3.765360000000000000e+05 1.360837000000000000e+06 -1.778624000000000000e+06 2.372946000000000000e+06 1.608352000000000000e+06 5.524642000000000000e+06
