6.837379000000000000e+06 -1.405394000000000000e+06 -2.726048000000000000e+06 1.159549000000000000e+06 3.714110000000000000e+05 -2.567006000000000000e+06 1.685342000000000000e+06 -1.379513000000000000e+06 -1.061464000000000000e+06 5.858520000000000000e+05 -3.138816000000000000e+06 2.620060000000000000e+05 3.573530000000000000e+05 6.863310000000000000e+05 -7.642280000000000000e+05 2.839780000000000000e+05 3.396200000000000000e+04 2.606870000000000000e+05 -6.845420000000000000e+05 -2.809740000000000000e+05
-1.405394000000000000e+06 5.745441000000000000e+06 -1.099906000000000000e+06 -8.212860000000000000e+05 1.125587000000000000e+06 4.524370000000000000e+05 2.231310000000000000e+05 5.824910000000000000e+05 9.988630000000000000e+05 2.188432000000000000e+06 2.706410000000000000e+05 -1.401009000000000000e+06 7.061690000000000000e+05 5.971100000000000000e+05 8.685710000000000000e+05 2.429811000000000000e+06 -3.426360000000000000e+05 -2.241898000000000000e+06 -1.987876000000000000e+06 -2.472250000000000000e+05
-2.726048000000000000e+06 -1.099906000000000000e+06 7.145049000000000000e+06 1.063482000000000000e+06 1.607590000000000000e+06 1.200812000000000000e+06 -8.614230000000000000e+05 -5.625760000000000000e+05 -1.133336000000000000e+06 8.733300000000000000e+05 3.442454000000000000e+06 7.029690000000000000e+05 -6.950700000000000000e+04 -1.897408000000000000e+06 -5.822140000000000000e+05 1.402640000000000000e+05 6.410650000000000000e+05 5.506840000000000000e+05 1.034278000000000000e+06 1.753198000000000000e+06
1.159549000000000000e+06 -8.212860000000000000e+05 1.063482000000000000e+06 7.409844000000000000e+06 1.509698000000000000e+06 1.572258000000000000e+06 -5.131300000000000000e+04 6.863670000000000000e+05 -1.768121000000000000e+06 3.783860000000000000e+05 1.365370000000000000e+06 1.383486000000000000e+06 8.427360000000000000e+05 7.794150000000000000e+05 1.068366000000000000e+06 -1.569807000000000000e+06 -2.425110000000000000e+05 1.350210000000000000e+06 -1.423992000000000000e+06 -8.950050000000000000e+05
3.714110000000000000e+05 1.125587000000000000e+06 1.607590000000000000e+06 1.509698000000000000e+06 5.627506000000000000e+06 8.120710000000000000e+05 -2.496490000000000000e+05 -1.013450000000000000e+06 -1.339468000000000000e+06 1.078009000000000000e+06 -1.038261000000000000e+06 -2.002820000000000000e+05 2.199964000000000000e+06 7.119690000000000000e+05 8.620430000000000000e+05 2.455800000000000000e+04 -2.342119000000000000e+06 5.560890000000000000e+05 6.398370000000000000e+05 1.624780000000000000e+05
-2.567006000000000000e+06 4.524370000000000000e+05 1.200812000000000000e+06 1.572258000000000000e+06 8.120710000000000000e+05 8.533349000000000000e+06 1.709993000000000000e+06 2.861196000000000000e+06 1.480252000000000000e+06 1.838010000000000000e+05 1.992419000000000000e+06 3.507680000000000000e+06 -1.473670000000000000e+05 1.796671000000000000e+06 2.647667000000000000e+06 -3.121841000000000000e+06 -1.663467000000000000e+06 -1.724100000000000000e+06 -2.856760000000000000e+05 7.402490000000000000e+05
1.685342000000000000e+06 2.231310000000000000e+05 -8.614230000000000000e+05 -5.131300000000000000e+04 -2.496490000000000000e+05 1.709993000000000000e+06 6.704893000000000000e+06 -4.789870000000000000e+05 -4.692200000000000000e+05 -1.968140000000000000e+05 8.803260000000000000e+05 -5.600460000000000000e+05 -3.106990000000000000e+05 -1.379989000000000000e+06 -1.559473000000000000e+06 -4.138800000000000000e+04 -1.208894000000000000e+06 -5.234250000000000000e+05 -8.855080000000000000e+05 2.598440000000000000e+05
-1.379513000000000000e+06 5.824910000000000000e+05 -5.625760000000000000e+05 6.863670000000000000e+05 -1.013450000000000000e+06 2.861196000000000000e+06 -4.789870000000000000e+05 6.544043000000000000e+06 -9.902680000000000000e+05 -7.958260000000000000e+05 1.292064000000000000e+06 3.808910000000000000e+05 2.233641000000000000e+06 2.439082000000000000e+06 -2.143440000000000000e+05 3.517160000000000000e+05 1.505446000000000000e+06 1.265990000000000000e+06 -3.703490000000000000e+05 7.034220000000000000e+05
-1.061464000000000000e+06 9.988630000000000000e+05 -1.133336000000000000e+06 -1.768121000000000000e+06 -1.339468000000000000e+06 1.480252000000000000e+06 -4.692200000000000000e+05 -9.902680000000000000e+05 8.039663000000000000e+06 1.747431000000000000e+06 1.011260000000000000e+06 1.444090000000000000e+06 -3.102991000000000000e+06 -1.067690000000000000e+05 -5.312750000000000000e+05 1.346790000000000000e+05 -7.418430000000000000e+05 -1.126263000000000000e+06 5.533860000000000000e+05 1.143450000000000000e+06
5.858520000000000000e+05 2.188432000000000000e+06 8.733300000000000000e+05 3.783860000000000000e+05 1.078009000000000000e+06 1.838010000000000000e+05 -1.968140000000000000e+05 -7.958260000000000000e+05 1.747431000000000000e+06 6.098611000000000000e+06 8.511450000000000000e+05 -9.098650000000000000e+05 -5.725230000000000000e+05 -7.308970000000000000e+05 -6.921300000000000000e+04 8.208210000000000000e+05 1.553400000000000000e+04 -1.692451000000000000e+06 6.695190000000000000e+05 -7.197800000000000000e+05
-3.138816000000000000e+06 2.706410000000000000e+05 3.442454000000000000e+06 1.365370000000000000e+06 -1.038261000000000000e+06 1.992419000000000000e+06 8.803260000000000000e+05 1.292064000000000000e+06 1.011260000000000000e+06 8.511450000000000000e+05 5.953497000000000000e+06 -5.087340000000000000e+05 1.853530000000000000e+05 -1.667370000000000000e+05 -1.822374000000000000e+06 -1.012980000000000000e+05 9.926700000000000000e+04 6.526200000000000000e+05 -4.823750000000000000e+05 8.367260000000000000e+05
2.620060000000000000e+05 -1.401009000000000000e+06 7.029690000000000000e+05 1.383486000000000000e+06 -2.002820000000000000e+05 3.507680000000000000e+06 -5.600460000000000000e+05 3.808910000000000000e+05 1.444090000000000000e+06 -9.098650000000000000e+05 -5.087340000000000000e+05 7.256849000000000000e+06 -1.342024000000000000e+06 1.059676000000000000e+06 9.128000000000000000e+04 -3.094561000000000000e+06 -2.855650000000000000e+05 -2.449674000000000000e+06 -1.385229000000000000e+06 4.033150000000000000e+05
3.573530000000000000e+05 7.061690000000000000e+05 -6.950700000000000000e+04 8.427360000000000000e+05 2.199964000000000000e+06 -1.473670000000000000e+05 -3.106990000000000000e+05 2.233641000000000000e+06 -3.102991000000000000e+06 -5.725230000000000000e+05 1.853530000000000000e+05 -1.342024000000000000e+06 5.559244000000000000e+06 1.239493000000000000e+06 -5.207500000000000000e+04 1.680024000000000000e+06 -1.310588000000000000e+06 4.960330000000000000e+05 1.328988000000000000e+06 1.408490000000000000e+05
6.863310000000000000e+05 5.971100000000000000e+05 -1.897408000000000000e+06 7.794150000000000000e+05 7.119690000000000000e+05 1.796671000000000000e+06 -1.379989000000000000e+06 2.439082000000000000e+06 -1.067690000000000000e+05 -7.308970000000000000e+05 -1.667370000000000000e+05 1.059676000000000000e+06 1.239493000000000000e+06 6.707696000000000000e+06 -1.351578000000000000e+06 -2.978250000000000000e+05 -9.266100000000000000e+04 -7.562600000000000000e+04 -1.978926000000000000e+06 1.080735000000000000e+06
-7.642280000000000000e+05 8.685710000000000000e+05 -5.822140000000000000e+05 1.068366000000000000e+06 8.620430000000000000e+05 2.647667000000000000e+06 -1.559473000000000000e+06 -2.143440000000000000e+05 -5.312750000000000000e+05 -6.921300000000000000e+04 -1.822374000000000000e+06 9.128000000000000000e+04 -5.207500000000000000e+04 -1.351578000000000000e+06 7.430959000000000000e+06 -1.231421000000000000e+06 -1.524550000000000000e+05 -7.339890000000000000e+05 5.439760000000000000e+05 -8.662940000000000000e+05
2.839780000000000000e+05 2.429811000000000000e+06 1.402640000000000000e+05 -1.569807000000000000e+06 2.455800000000000000e+04 -3.121841000000000000e+06 -4.138800000000000000e+04 3.517160000000000000e+05 1.346790000000000000e+05 8.208210000000000000e+05 -1.012980000000000000e+05 -3.094561000000000000e+06 1.680024000000000000e+06 -2.978250000000000000e+05 -1.231421000000000000e+06 6.637763000000000000e+06 3.598700000000000000e+05 1.520888000000000000e+06 -8.981200000000000000e+04 3.236515000000000000e+06
3.396200000000000000e+04 -3.426360000000000000e+05 6.410650000000000000e+05 -2.425110000000000000e+05 -2.342119000000000000e+06 -1.663467000000000000e+06 -1.208894000000000000e+06 1.505446000000000000e+06 -7.418430000000000000e+05 1.553400000000000000e+04 9.926700000000000000e+04 -2.855650000000000000e+05 -1.310588000000000000e+06 -9.266100000000000000e+04 -1.524550000000000000e+05 3.598700000000000000e+05 5.566214000000000000e+06 2.972910000000000000e+05 -1.078609000000000000e+06 -4.444000000000000000e+04
2.606870000000000000e+05 -2.241898000000000000e+06 5.506840000000000000e+05 1.350210000000000000e+06 5.560890000000000000e+05 -1.724100000000000000e+06 -5.234250000000000000e+05 1.265990000000000000e+06 -1.126263000000000000e+06 -1.692451000000000000e+06 6.526200000000000000e+05 -2.449674000000000000e+06 4.960330000000000000e+05 -7.562600000000000000e+04 -7.339890000000000000e+05 1.520888000000000000e+06 2.972910000000000000e+05 6.196029000000000000e+06 5.762430000000000000e+05 1.502519000000000000e+06
-6.845420000000000000e+05 -1.987876000000000000e+06 1.034278000000000000e+06 -1.423992000000000000e+06 6.398370000000000000e+05 -2.856760000000000000e+05 -8.855080000000000000e+05 -3.703490000000000000e+05 5.533860000000000000e+05 6.695190000000000000e+05 -4.823750000000000000e+05 -1.385229000000000000e+06 1.328988000000000000e+06 -1.978926000000000000e+06 5.439760000000000000e+05 -8.981200000000000000e+04 -1.078609000000000000e+06 5.762430000000000000e+05 5.009149000000000000e+06 5.315750000000000000e+05
-2.809740000000000000e+05 -2.472250000000000000e+05 1.753198000000000000e+06 -8.950050000000000000e+05 1.624780000000000000e+05 7.402490000000000000e+05 2.598440000000000000e+05 7.034220000000000000e+05 1.143450000000000000e+06 -7.197800000000000000e+05 8.367260000000000000e+05 4.033150000000000000e+05 1.408490000000000000e+05 1.080735000000000000e+06 -8.662940000000000000e+05 3.236515000000000000e+06 -4.444000000000000000e+04 1.502519000000000000e+06 5.315750000000000000e+05 5.600887000000000000e+06
