4.472371000000000000e+06 -3.173050000000000000e+05 -1.244630000000000000e+05 -1.206612000000000000e+06 -2.802210000000000000e+05 3.587560000000000000e+05 1.806210000000000000e+05 -2.392050000000000000e+05 -2.668850000000000000e+05 -2.477370000000000000e+05 -2.094671000000000000e+06 6.662890000000000000e+05 1.882848000000000000e+06 1.153836000000000000e+06 9.313170000000000000e+05 1.721350000000000000e+05 6.451980000000000000e+05 -1.576290000000000000e+05 2.740721000000000000e+06 2.187082000000000000e+06
-3.173050000000000000e+05 8.750636000000000000e+06 2.994295000000000000e+06 -1.138144000000000000e+06 2.645240000000000000e+05 3.092335000000000000e+06 -8.070920000000000000e+05 -2.502135000000000000e+06 -1.886327000000000000e+06 -1.227522000000000000e+06 4.204610000000000000e+05 1.704841000000000000e+06 -2.507474000000000000e+06 1.526400000000000000e+04 5.841900000000000000e+04 9.492320000000000000e+05 1.643872000000000000e+06 -1.896446000000000000e+06 1.962972000000000000e+06 1.749710000000000000e+05
-1.244630000000000000e+05 2.994295000000000000e+06 5.676502000000000000e+06 1.300021000000000000e+06 -8.863950000000000000e+05 2.744094000000000000e+06 -1.685520000000000000e+05 -2.115000000000000000e+04 1.039044000000000000e+06 -2.186315000000000000e+06 1.167884000000000000e+06 8.573210000000000000e+05 3.012450000000000000e+05 1.683190000000000000e+06 -4.036028000000000000e+06 7.426070000000000000e+05 2.801278000000000000e+06 -1.317712000000000000e+06 1.453650000000000000e+05 7.310110000000000000e+05
-1.206612000000000000e+06 -1.138144000000000000e+06 1.300021000000000000e+06 6.648958000000000000e+06 -2.609655000000000000e+06 -9.921580000000000000e+05 1.726153000000000000e+06 1.341580000000000000e+05 5.867100000000000000e+04 6.205380000000000000e+05 1.459171000000000000e+06 -8.165060000000000000e+05 -1.618100000000000000e+05 1.830140000000000000e+06 -2.325886000000000000e+06 -2.263032000000000000e+06 2.003776000000000000e+06 -7.960420000000000000e+05 -1.718402000000000000e+06 4.021560000000000000e+05
-2.802210000000000000e+05 2.645240000000000000e+05 -8.863950000000000000e+05 -2.609655000000000000e+06 6.558822000000000000e+06 -7.723010000000000000e+05 2.102638000000000000e+06 1.480485000000000000e+06 5.893590000000000000e+05 7.404570000000000000e+05 -1.217380000000000000e+06 1.905012000000000000e+06 -8.466720000000000000e+05 -1.749978000000000000e+06 2.037579000000000000e+06 2.305159000000000000e+06 -1.030799000000000000e+06 -6.826660000000000000e+05 1.528826000000000000e+06 -1.265513000000000000e+06
3.587560000000000000e+05 3.092335000000000000e+06 2.744094000000000000e+06 -9.921580000000000000e+05 -7.723010000000000000e+05 5.642435000000000000e+06 8.210570000000000000e+05 1.164331000000000000e+06 2.305470000000000000e+05 -4.707900000000000000e+04 -1.021400000000000000e+05 3.607070000000000000e+05 -1.408405000000000000e+06 1.354536000000000000e+06 -2.109366000000000000e+06 -3.328730000000000000e+05 -3.656200000000000000e+05 -1.622234000000000000e+06 1.370398000000000000e+06 -4.704000000000000000e+05
1.806210000000000000e+05 -8.070920000000000000e+05 -1.685520000000000000e+05 1.726153000000000000e+06 2.102638000000000000e+06 8.210570000000000000e+05 7.838434000000000000e+06 2.211364000000000000e+06 7.717710000000000000e+05 1.277367000000000000e+06 -1.782349000000000000e+06 -8.743380000000000000e+05 -1.446592000000000000e+06 -4.367260000000000000e+05 1.437163000000000000e+06 5.183350000000000000e+05 7.242190000000000000e+05 -9.669550000000000000e+05 4.017820000000000000e+05 -2.692460000000000000e+06
-2.392050000000000000e+05 -2.502135000000000000e+06 -2.115000000000000000e+04 1.341580000000000000e+05 1.480485000000000000e+06 1.164331000000000000e+06 2.211364000000000000e+06 6.843960000000000000e+06 1.486233000000000000e+06 1.615543000000000000e+06 1.961950000000000000e+05 -2.075400000000000000e+06 -8.732170000000000000e+05 2.433960000000000000e+05 -8.827200000000000000e+05 -2.501393000000000000e+06 -4.836510000000000000e+05 -6.966590000000000000e+05 -7.186490000000000000e+05 1.979650000000000000e+05
-2.668850000000000000e+05 -1.886327000000000000e+06 1.039044000000000000e+06 5.867100000000000000e+04 5.893590000000000000e+05 2.305470000000000000e+05 7.717710000000000000e+05 1.486233000000000000e+06 6.787676000000000000e+06 -2.632001000000000000e+06 5.886130000000000000e+05 -1.380727000000000000e+06 1.046070000000000000e+05 2.168285000000000000e+06 -3.319516000000000000e+06 8.309370000000000000e+05 6.121830000000000000e+05 -4.069690000000000000e+05 -4.419130000000000000e+05 -1.117287000000000000e+06
-2.477370000000000000e+05 -1.227522000000000000e+06 -2.186315000000000000e+06 6.205380000000000000e+05 7.404570000000000000e+05 -4.707900000000000000e+04 1.277367000000000000e+06 1.615543000000000000e+06 -2.632001000000000000e+06 4.502667000000000000e+06 -1.867336000000000000e+06 5.828920000000000000e+05 2.381900000000000000e+04 -7.302750000000000000e+05 1.874262000000000000e+06 -1.344665000000000000e+06 -2.291941000000000000e+06 4.469320000000000000e+05 -3.204040000000000000e+05 -1.301531000000000000e+06
-2.094671000000000000e+06 4.204610000000000000e+05 1.167884000000000000e+06 1.459171000000000000e+06 -1.217380000000000000e+06 -1.021400000000000000e+05 -1.782349000000000000e+06 1.961950000000000000e+05 5.886130000000000000e+05 -1.867336000000000000e+06 5.617256000000000000e+06 -5.387710000000000000e+05 -6.945680000000000000e+05 1.889090000000000000e+05 -1.376510000000000000e+06 -1.121076000000000000e+06 -3.533900000000000000e+05 -4.387410000000000000e+05 -2.429220000000000000e+05 -3.614110000000000000e+05
6.662890000000000000e+05 1.704841000000000000e+06 8.573210000000000000e+05 -8.165060000000000000e+05 1.905012000000000000e+06 3.607070000000000000e+05 -8.743380000000000000e+05 -2.075400000000000000e+06 -1.380727000000000000e+06 5.828920000000000000e+05 -5.387710000000000000e+05 8.101049000000000000e+06 3.295340000000000000e+05 -1.426868000000000000e+06 -1.713629000000000000e+06 2.756334000000000000e+06 -8.386800000000000000e+04 -6.262470000000000000e+05 8.594900000000000000e+05 -4.610200000000000000e+04
1.882848000000000000e+06 -2.507474000000000000e+06 3.012450000000000000e+05 -1.618100000000000000e+05 -8.466720000000000000e+05 -1.408405000000000000e+06 -1.446592000000000000e+06 -8.732170000000000000e+05 1.046070000000000000e+05 2.381900000000000000e+04 -6.945680000000000000e+05 3.295340000000000000e+05 6.180570000000000000e+06 -9.549970000000000000e+05 -1.242536000000000000e+06 6.163250000000000000e+05 7.599280000000000000e+05 3.765668000000000000e+06 4.689800000000000000e+04 1.385384000000000000e+06
1.153836000000000000e+06 1.526400000000000000e+04 1.683190000000000000e+06 1.830140000000000000e+06 -1.749978000000000000e+06 1.354536000000000000e+06 -4.367260000000000000e+05 2.433960000000000000e+05 2.168285000000000000e+06 -7.302750000000000000e+05 1.889090000000000000e+05 -1.426868000000000000e+06 -9.549970000000000000e+05 6.174120000000000000e+06 -2.139844000000000000e+06 3.240460000000000000e+05 4.175150000000000000e+05 -2.293270000000000000e+06 1.176680000000000000e+06 2.324816000000000000e+06
9.313170000000000000e+05 5.841900000000000000e+04 -4.036028000000000000e+06 -2.325886000000000000e+06 2.037579000000000000e+06 -2.109366000000000000e+06 1.437163000000000000e+06 -8.827200000000000000e+05 -3.319516000000000000e+06 1.874262000000000000e+06 -1.376510000000000000e+06 -1.713629000000000000e+06 -1.242536000000000000e+06 -2.139844000000000000e+06 8.488501000000000000e+06 -5.931790000000000000e+05 -2.100695000000000000e+06 8.466970000000000000e+05 2.217260000000000000e+06 -5.896480000000000000e+05
1.721350000000000000e+05 9.492320000000000000e+05 7.426070000000000000e+05 -2.263032000000000000e+06 2.305159000000000000e+06 -3.328730000000000000e+05 5.183350000000000000e+05 -2.501393000000000000e+06 8.309370000000000000e+05 -1.344665000000000000e+06 -1.121076000000000000e+06 2.756334000000000000e+06 6.163250000000000000e+05 3.240460000000000000e+05 -5.931790000000000000e+05 6.328054000000000000e+06 -3.982450000000000000e+05 1.037620000000000000e+05 2.568454000000000000e+06 -7.210410000000000000e+05
6.451980000000000000e+05 1.643872000000000000e+06 2.801278000000000000e+06 2.003776000000000000e+06 -1.030799000000000000e+06 -3.656200000000000000e+05 7.242190000000000000e+05 -4.836510000000000000e+05 6.121830000000000000e+05 -2.291941000000000000e+06 -3.533900000000000000e+05 -8.386800000000000000e+04 7.599280000000000000e+05 4.175150000000000000e+05 -2.100695000000000000e+06 -3.982450000000000000e+05 6.759344000000000000e+06 -1.276381000000000000e+06 -1.508320000000000000e+05 1.834252000000000000e+06
-1.576290000000000000e+05 -1.896446000000000000e+06 -1.317712000000000000e+06 -7.960420000000000000e+05 -6.826660000000000000e+05 -1.622234000000000000e+06 -9.669550000000000000e+05 -6.966590000000000000e+05 -4.069690000000000000e+05 4.469320000000000000e+05 -4.387410000000000000e+05 -6.262470000000000000e+05 3.765668000000000000e+06 -2.293270000000000000e+06 8.466970000000000000e+05 1.037620000000000000e+05 -1.276381000000000000e+06 4.645065000000000000e+06 -1.208432000000000000e+06 2.777810000000000000e+05
2.740721000000000000e+06 1.962972000000000000e+06 1.453650000000000000e+05 -1.718402000000000000e+06 1.528826000000000000e+06 1.370398000000000000e+06 4.017820000000000000e+05 -7.186490000000000000e+05 -4.419130000000000000e+05 -3.204040000000000000e+05 -2.429220000000000000e+05 8.594900000000000000e+05 4.689800000000000000e+04 1.176680000000000000e+06 2.217260000000000000e+06 2.568454000000000000e+06 -1.508320000000000000e+05 -1.208432000000000000e+06 7.385174000000000000e+06 -3.842800000000000000e+05
2.187082000000000000e+06 1.749710000000000000e+05 7.310110000000000000e+05 4.021560000000000000e+05 -1.265513000000000000e+06 -4.704000000000000000e+05 -2.692460000000000000e+06 1.979650000000000000e+05 -1.117287000000000000e+06 -1.301531000000000000e+06 -3.614110000000000000e+05 -4.610200000000000000e+04 1.385384000000000000e+06 2.324816000000000000e+06 -5.896480000000000000e+05 -7.210410000000000000e+05 1.834252000000000000e+06 2.777810000000000000e+05 -3.842800000000000000e+05 7.194586000000000000e+06
