6.758096000000000000e+06 -4.641320000000000000e+05 -5.967600000000000000e+04 4.384908000000000000e+06 5.506910000000000000e+05 4.606320000000000000e+05 3.303754000000000000e+06 1.705991000000000000e+06 9.786780000000000000e+05 -1.579704000000000000e+06 -5.254810000000000000e+05 -3.869378000000000000e+06 -2.526460000000000000e+05 1.101561000000000000e+06 7.046000000000000000e+04 6.760940000000000000e+05 1.033205000000000000e+06 -5.059820000000000000e+05 -2.949764000000000000e+06 -3.798090000000000000e+05
-4.641320000000000000e+05 5.725109000000000000e+06 -3.746450000000000000e+05 -7.470500000000000000e+05 7.439240000000000000e+05 -1.417552000000000000e+06 5.350910000000000000e+05 8.343060000000000000e+05 -3.889633000000000000e+06 4.387310000000000000e+05 6.314100000000000000e+05 2.986242000000000000e+06 -1.136511000000000000e+06 -8.226620000000000000e+05 -3.440481000000000000e+06 2.144667000000000000e+06 -2.392343000000000000e+06 8.632990000000000000e+05 7.494180000000000000e+05 1.602676000000000000e+06
-5.967600000000000000e+04 -3.746450000000000000e+05 3.587168000000000000e+06 2.759801000000000000e+06 1.297808000000000000e+06 -1.810178000000000000e+06 -1.796106000000000000e+06 7.116760000000000000e+05 -8.393140000000000000e+05 -1.473040000000000000e+05 -2.720760000000000000e+05 -1.270880000000000000e+06 -1.235466000000000000e+06 1.860963000000000000e+06 6.175130000000000000e+05 1.619491000000000000e+06 1.148248000000000000e+06 -1.229520000000000000e+05 1.987664000000000000e+06 6.142880000000000000e+05
4.384908000000000000e+06 -7.470500000000000000e+05 2.759801000000000000e+06 1.011395200000000000e+07 2.675305000000000000e+06 -2.762100000000000000e+06 4.884240000000000000e+05 1.036200000000000000e+06 -5.289310000000000000e+05 -8.044840000000000000e+05 4.884970000000000000e+05 -2.357752000000000000e+06 -1.458586000000000000e+06 4.277968000000000000e+06 1.169318000000000000e+06 1.737109000000000000e+06 2.226931000000000000e+06 -1.485718000000000000e+06 -9.261990000000000000e+05 6.310010000000000000e+05
5.506910000000000000e+05 7.439240000000000000e+05 1.297808000000000000e+06 2.675305000000000000e+06 6.789517000000000000e+06 -2.519900000000000000e+04 1.299890000000000000e+05 -1.102585000000000000e+06 -1.263165000000000000e+06 -1.218805000000000000e+06 3.344387000000000000e+06 4.180860000000000000e+05 1.500510000000000000e+05 1.600386000000000000e+06 -9.319380000000000000e+05 1.758330000000000000e+06 -1.888383000000000000e+06 1.186324000000000000e+06 -2.593670000000000000e+05 -1.876370000000000000e+05
4.606320000000000000e+05 -1.417552000000000000e+06 -1.810178000000000000e+06 -2.762100000000000000e+06 -2.519900000000000000e+04 8.171969000000000000e+06 2.384269000000000000e+06 -3.428464000000000000e+06 1.975603000000000000e+06 -1.979883000000000000e+06 4.340370000000000000e+05 -6.621250000000000000e+05 1.720419000000000000e+06 2.508180000000000000e+05 7.274100000000000000e+05 -1.445450000000000000e+05 -2.237830000000000000e+05 2.422590000000000000e+06 -1.806692000000000000e+06 -1.412180000000000000e+05
3.303754000000000000e+06 5.350910000000000000e+05 -1.796106000000000000e+06 4.884240000000000000e+05 1.299890000000000000e+05 2.384269000000000000e+06 7.561831000000000000e+06 -9.442260000000000000e+05 2.907000000000000000e+03 -4.881220000000000000e+05 1.256409000000000000e+06 -5.311570000000000000e+05 1.391719000000000000e+06 1.952952000000000000e+06 -3.313358000000000000e+06 -8.090450000000000000e+05 -1.014720000000000000e+05 -1.400269000000000000e+06 -2.436913000000000000e+06 -4.963400000000000000e+05
1.705991000000000000e+06 8.343060000000000000e+05 7.116760000000000000e+05 1.036200000000000000e+06 -1.102585000000000000e+06 -3.428464000000000000e+06 -9.442260000000000000e+05 7.292056000000000000e+06 4.558600000000000000e+04 4.165940000000000000e+05 -1.236111000000000000e+06 -4.790460000000000000e+05 -1.824733000000000000e+06 -1.971144000000000000e+06 9.832620000000000000e+05 -9.273870000000000000e+05 1.632631000000000000e+06 -2.482822000000000000e+06 3.594660000000000000e+05 7.805710000000000000e+05
9.786780000000000000e+05 -3.889633000000000000e+06 -8.393140000000000000e+05 -5.289310000000000000e+05 -1.263165000000000000e+06 1.975603000000000000e+06 2.907000000000000000e+03 4.558600000000000000e+04 9.138804000000000000e+06 -1.355698000000000000e+06 -1.154857000000000000e+06 -2.427956000000000000e+06 1.962427000000000000e+06 2.915450000000000000e+05 4.820330000000000000e+06 -1.059220000000000000e+06 -1.948482000000000000e+06 2.178269000000000000e+06 -2.168770000000000000e+06 1.956706000000000000e+06
-1.579704000000000000e+06 4.387310000000000000e+05 -1.473040000000000000e+05 -8.044840000000000000e+05 -1.218805000000000000e+06 -1.979883000000000000e+06 -4.881220000000000000e+05 4.165940000000000000e+05 -1.355698000000000000e+06 6.857240000000000000e+06 -2.081510000000000000e+06 -8.982590000000000000e+05 -1.154610000000000000e+06 -1.654208000000000000e+06 -2.886169000000000000e+06 -3.297020000000000000e+05 1.087653000000000000e+06 -2.972875000000000000e+06 1.386240000000000000e+06 -2.703854000000000000e+06
-5.254810000000000000e+05 6.314100000000000000e+05 -2.720760000000000000e+05 4.884970000000000000e+05 3.344387000000000000e+06 4.340370000000000000e+05 1.256409000000000000e+06 -1.236111000000000000e+06 -1.154857000000000000e+06 -2.081510000000000000e+06 4.334748000000000000e+06 1.416523000000000000e+06 1.009729000000000000e+06 1.114289000000000000e+06 -1.240743000000000000e+06 4.212590000000000000e+05 -2.677867000000000000e+06 7.738770000000000000e+05 8.406700000000000000e+04 1.947561000000000000e+06
-3.869378000000000000e+06 2.986242000000000000e+06 -1.270880000000000000e+06 -2.357752000000000000e+06 4.180860000000000000e+05 -6.621250000000000000e+05 -5.311570000000000000e+05 -4.790460000000000000e+05 -2.427956000000000000e+06 -8.982590000000000000e+05 1.416523000000000000e+06 6.819650000000000000e+06 9.869180000000000000e+05 -1.566336000000000000e+06 -5.033120000000000000e+05 1.464170000000000000e+05 -8.510880000000000000e+05 -2.425430000000000000e+05 2.071700000000000000e+04 5.684000000000000000e+05
-2.526460000000000000e+05 -1.136511000000000000e+06 -1.235466000000000000e+06 -1.458586000000000000e+06 1.500510000000000000e+05 1.720419000000000000e+06 1.391719000000000000e+06 -1.824733000000000000e+06 1.962427000000000000e+06 -1.154610000000000000e+06 1.009729000000000000e+06 9.869180000000000000e+05 5.856667000000000000e+06 -1.881720000000000000e+05 1.674777000000000000e+06 -1.509788000000000000e+06 -1.056254000000000000e+06 -2.805630000000000000e+05 -3.651213000000000000e+06 1.162510000000000000e+05
1.101561000000000000e+06 -8.226620000000000000e+05 1.860963000000000000e+06 4.277968000000000000e+06 1.600386000000000000e+06 2.508180000000000000e+05 1.952952000000000000e+06 -1.971144000000000000e+06 2.915450000000000000e+05 -1.654208000000000000e+06 1.114289000000000000e+06 -1.566336000000000000e+06 -1.881720000000000000e+05 6.905150000000000000e+06 1.797350000000000000e+05 1.796068000000000000e+06 -1.138130000000000000e+06 5.500930000000000000e+05 1.669780000000000000e+05 1.835753000000000000e+06
7.046000000000000000e+04 -3.440481000000000000e+06 6.175130000000000000e+05 1.169318000000000000e+06 -9.319380000000000000e+05 7.274100000000000000e+05 -3.313358000000000000e+06 9.832620000000000000e+05 4.820330000000000000e+06 -2.886169000000000000e+06 -1.240743000000000000e+06 -5.033120000000000000e+05 1.674777000000000000e+06 1.797350000000000000e+05 6.824419000000000000e+06 -9.840600000000000000e+05 1.138258000000000000e+06 2.653720000000000000e+05 -1.354462000000000000e+06 3.636890000000000000e+05
6.760940000000000000e+05 2.144667000000000000e+06 1.619491000000000000e+06 1.737109000000000000e+06 1.758330000000000000e+06 -1.445450000000000000e+05 -8.090450000000000000e+05 -9.273870000000000000e+05 -1.059220000000000000e+06 -3.297020000000000000e+05 4.212590000000000000e+05 1.464170000000000000e+05 -1.509788000000000000e+06 1.796068000000000000e+06 -9.840600000000000000e+05 5.835764000000000000e+06 -2.581433000000000000e+06 4.815840000000000000e+05 1.350435000000000000e+06 1.384202000000000000e+06
1.033205000000000000e+06 -2.392343000000000000e+06 1.148248000000000000e+06 2.226931000000000000e+06 -1.888383000000000000e+06 -2.237830000000000000e+05 -1.014720000000000000e+05 1.632631000000000000e+06 -1.948482000000000000e+06 1.087653000000000000e+06 -2.677867000000000000e+06 -8.510880000000000000e+05 -1.056254000000000000e+06 -1.138130000000000000e+06 1.138258000000000000e+06 -2.581433000000000000e+06 8.373283000000000000e+06 -3.932704000000000000e+06 1.321587000000000000e+06 -4.179730000000000000e+06
-5.059820000000000000e+05 8.632990000000000000e+05 -1.229520000000000000e+05 -1.485718000000000000e+06 1.186324000000000000e+06 2.422590000000000000e+06 -1.400269000000000000e+06 -2.482822000000000000e+06 2.178269000000000000e+06 -2.972875000000000000e+06 7.738770000000000000e+05 -2.425430000000000000e+05 -2.805630000000000000e+05 5.500930000000000000e+05 2.653720000000000000e+05 4.815840000000000000e+05 -3.932704000000000000e+06 8.574363000000000000e+06 -1.075442000000000000e+06 4.717399000000000000e+06
-2.949764000000000000e+06 7.494180000000000000e+05 1.987664000000000000e+06 -9.261990000000000000e+05 -2.593670000000000000e+05 -1.806692000000000000e+06 -2.436913000000000000e+06 3.594660000000000000e+05 -2.168770000000000000e+06 1.386240000000000000e+06 8.406700000000000000e+04 2.071700000000000000e+04 -3.651213000000000000e+06 1.669780000000000000e+05 -1.354462000000000000e+06 1.350435000000000000e+06 1.321587000000000000e+06 -1.075442000000000000e+06 7.215902000000000000e+06 -7.841400000000000000e+04
-3.798090000000000000e+05 1.602676000000000000e+06 6.142880000000000000e+05 6.310010000000000000e+05 -1.876370000000000000e+05 -1.412180000000000000e+05 -4.963400000000000000e+05 7.805710000000000000e+05 1.956706000000000000e+06 -2.703854000000000000e+06 1.947561000000000000e+06 5.684000000000000000e+05 1.162510000000000000e+05 1.835753000000000000e+06 3.636890000000000000e+05 1.384202000000000000e+06 -4.179730000000000000e+06 4.717399000000000000e+06 -7.841400000000000000e+04 7.328675000000000000e+06
