7.315726000000000000e+06 -8.903000000000000000e+03 -4.689436000000000000e+06 7.529660000000000000e+05 1.721326000000000000e+06 1.206644000000000000e+06 8.791680000000000000e+05 1.592050000000000000e+06 1.292821000000000000e+06 -5.733730000000000000e+05 1.120479000000000000e+06 -1.318166000000000000e+06 -4.100980000000000000e+05 -8.739140000000000000e+05 -4.247965000000000000e+06 1.047913000000000000e+06 -1.193118000000000000e+06 1.500139000000000000e+06 -4.840780000000000000e+05 -5.411170000000000000e+05
-8.903000000000000000e+03 6.323592000000000000e+06 -1.722357000000000000e+06 2.745114000000000000e+06 -1.757980000000000000e+05 -2.815076000000000000e+06 -1.572643000000000000e+06 9.915440000000000000e+05 1.678490000000000000e+05 9.898400000000000000e+04 -1.298676000000000000e+06 -8.167440000000000000e+05 -9.461030000000000000e+05 1.198336000000000000e+06 2.185990000000000000e+05 -2.283650000000000000e+05 1.284293000000000000e+06 -3.252220000000000000e+05 4.382600000000000000e+04 -1.606100000000000000e+04
-4.689436000000000000e+06 -1.722357000000000000e+06 7.586591000000000000e+06 1.103396000000000000e+06 -6.798700000000000000e+05 1.861370000000000000e+05 1.963214000000000000e+06 -2.680850000000000000e+06 -1.958065000000000000e+06 -9.400790000000000000e+05 -1.789089000000000000e+06 1.483773000000000000e+06 -1.317032000000000000e+06 -4.489840000000000000e+05 3.612926000000000000e+06 -4.338300000000000000e+05 1.019311000000000000e+06 -9.832080000000000000e+05 1.279976000000000000e+06 6.716680000000000000e+05
7.529660000000000000e+05 2.745114000000000000e+06 1.103396000000000000e+06 7.889586000000000000e+06 8.629860000000000000e+05 -1.331651000000000000e+06 -3.919220000000000000e+05 -2.557010000000000000e+05 -2.849535000000000000e+06 4.295690000000000000e+05 -3.826111000000000000e+06 -1.034400000000000000e+04 -2.617159000000000000e+06 -1.509915000000000000e+06 8.238020000000000000e+05 2.975540000000000000e+05 -8.222510000000000000e+05 -2.131532000000000000e+06 2.000334000000000000e+06 4.583770000000000000e+05
1.721326000000000000e+06 -1.757980000000000000e+05 -6.798700000000000000e+05 8.629860000000000000e+05 8.952226000000000000e+06 3.216540000000000000e+05 -1.265680000000000000e+05 6.420200000000000000e+04 -1.643659000000000000e+06 -9.225800000000000000e+04 -6.918420000000000000e+05 -7.298790000000000000e+05 5.584480000000000000e+05 -4.368765000000000000e+06 -1.073818000000000000e+06 2.662828000000000000e+06 1.109724000000000000e+06 1.552121000000000000e+06 -1.739405000000000000e+06 -2.068055000000000000e+06
1.206644000000000000e+06 -2.815076000000000000e+06 1.861370000000000000e+05 -1.331651000000000000e+06 3.216540000000000000e+05 5.396289000000000000e+06 -9.754680000000000000e+05 2.456414000000000000e+06 -4.387250000000000000e+05 3.940150000000000000e+05 -1.303800000000000000e+04 3.099060000000000000e+05 6.143890000000000000e+05 1.603457000000000000e+06 -9.634880000000000000e+05 1.733790000000000000e+06 -7.948270000000000000e+05 1.288185000000000000e+06 -2.834920000000000000e+05 -1.190431000000000000e+06
8.791680000000000000e+05 -1.572643000000000000e+06 1.963214000000000000e+06 -3.919220000000000000e+05 -1.265680000000000000e+05 -9.754680000000000000e+05 6.357049000000000000e+06 -6.249350000000000000e+05 -8.182200000000000000e+05 1.554619000000000000e+06 1.469710000000000000e+06 9.687380000000000000e+05 -8.278470000000000000e+05 8.060890000000000000e+05 -6.309130000000000000e+05 -1.324803000000000000e+06 -1.407230000000000000e+05 -2.254300000000000000e+04 1.474307000000000000e+06 1.319546000000000000e+06
1.592050000000000000e+06 9.915440000000000000e+05 -2.680850000000000000e+06 -2.557010000000000000e+05 6.420200000000000000e+04 2.456414000000000000e+06 -6.249350000000000000e+05 6.078836000000000000e+06 -6.683060000000000000e+05 2.939211000000000000e+06 2.004780000000000000e+05 2.652900000000000000e+04 8.289370000000000000e+05 2.337549000000000000e+06 -1.082519000000000000e+06 2.703189000000000000e+06 -1.087008000000000000e+06 2.831180000000000000e+06 4.064930000000000000e+05 -1.107691000000000000e+06
1.292821000000000000e+06 1.678490000000000000e+05 -1.958065000000000000e+06 -2.849535000000000000e+06 -1.643659000000000000e+06 -4.387250000000000000e+05 -8.182200000000000000e+05 -6.683060000000000000e+05 6.944002000000000000e+06 -2.881905000000000000e+06 2.285017000000000000e+06 -9.229600000000000000e+05 1.472112000000000000e+06 -7.921450000000000000e+05 -1.457215000000000000e+06 -1.273349000000000000e+06 1.155059000000000000e+06 1.231236000000000000e+06 -6.751290000000000000e+05 -1.733515000000000000e+06
-5.733730000000000000e+05 9.898400000000000000e+04 -9.400790000000000000e+05 4.295690000000000000e+05 -9.225800000000000000e+04 3.940150000000000000e+05 1.554619000000000000e+06 2.939211000000000000e+06 -2.881905000000000000e+06 6.664581000000000000e+06 -7.838250000000000000e+05 2.141789000000000000e+06 2.992850000000000000e+05 3.233947000000000000e+06 -7.526940000000000000e+05 1.714505000000000000e+06 -1.919360000000000000e+06 8.074250000000000000e+05 1.626490000000000000e+05 7.116640000000000000e+05
1.120479000000000000e+06 -1.298676000000000000e+06 -1.789089000000000000e+06 -3.826111000000000000e+06 -6.918420000000000000e+05 -1.303800000000000000e+04 1.469710000000000000e+06 2.004780000000000000e+05 2.285017000000000000e+06 -7.838250000000000000e+05 5.094998000000000000e+06 -2.068990000000000000e+06 2.957482000000000000e+06 1.440282000000000000e+06 -2.073972000000000000e+06 -1.531742000000000000e+06 -4.950610000000000000e+05 1.810724000000000000e+06 -8.319170000000000000e+05 7.617100000000000000e+04
-1.318166000000000000e+06 -8.167440000000000000e+05 1.483773000000000000e+06 -1.034400000000000000e+04 -7.298790000000000000e+05 3.099060000000000000e+05 9.687380000000000000e+05 2.652900000000000000e+04 -9.229600000000000000e+05 2.141789000000000000e+06 -2.068990000000000000e+06 6.235585000000000000e+06 -2.608099000000000000e+06 1.365410000000000000e+06 2.832377000000000000e+06 4.566500000000000000e+04 1.636132000000000000e+06 -6.097300000000000000e+04 2.330354000000000000e+06 1.804222000000000000e+06
-4.100980000000000000e+05 -9.461030000000000000e+05 -1.317032000000000000e+06 -2.617159000000000000e+06 5.584480000000000000e+05 6.143890000000000000e+05 -8.278470000000000000e+05 8.289370000000000000e+05 1.472112000000000000e+06 2.992850000000000000e+05 2.957482000000000000e+06 -2.608099000000000000e+06 6.938977000000000000e+06 -1.781711000000000000e+06 -3.088912000000000000e+06 2.295890000000000000e+05 -2.708846000000000000e+06 2.077496000000000000e+06 -1.541120000000000000e+06 5.958900000000000000e+05
-8.739140000000000000e+05 1.198336000000000000e+06 -4.489840000000000000e+05 -1.509915000000000000e+06 -4.368765000000000000e+06 1.603457000000000000e+06 8.060890000000000000e+05 2.337549000000000000e+06 -7.921450000000000000e+05 3.233947000000000000e+06 1.440282000000000000e+06 1.365410000000000000e+06 -1.781711000000000000e+06 1.044444600000000000e+07 3.960190000000000000e+05 -1.429637000000000000e+06 8.295610000000000000e+05 1.256760000000000000e+05 -1.376660000000000000e+06 1.865957000000000000e+06
-4.247965000000000000e+06 2.185990000000000000e+05 3.612926000000000000e+06 8.238020000000000000e+05 -1.073818000000000000e+06 -9.634880000000000000e+05 -6.309130000000000000e+05 -1.082519000000000000e+06 -1.457215000000000000e+06 -7.526940000000000000e+05 -2.073972000000000000e+06 2.832377000000000000e+06 -3.088912000000000000e+06 3.960190000000000000e+05 7.053988000000000000e+06 5.713520000000000000e+05 8.090980000000000000e+05 -3.144275000000000000e+06 1.174445000000000000e+06 1.242341000000000000e+06
1.047913000000000000e+06 -2.283650000000000000e+05 -4.338300000000000000e+05 2.975540000000000000e+05 2.662828000000000000e+06 1.733790000000000000e+06 -1.324803000000000000e+06 2.703189000000000000e+06 -1.273349000000000000e+06 1.714505000000000000e+06 -1.531742000000000000e+06 4.566500000000000000e+04 2.295890000000000000e+05 -1.429637000000000000e+06 5.713520000000000000e+05 6.441690000000000000e+06 -2.014221000000000000e+06 2.713640000000000000e+05 -8.725010000000000000e+05 -1.367698000000000000e+06
-1.193118000000000000e+06 1.284293000000000000e+06 1.019311000000000000e+06 -8.222510000000000000e+05 1.109724000000000000e+06 -7.948270000000000000e+05 -1.407230000000000000e+05 -1.087008000000000000e+06 1.155059000000000000e+06 -1.919360000000000000e+06 -4.950610000000000000e+05 1.636132000000000000e+06 -2.708846000000000000e+06 8.295610000000000000e+05 8.090980000000000000e+05 -2.014221000000000000e+06 5.993544000000000000e+06 1.850576000000000000e+06 7.140390000000000000e+05 -7.756270000000000000e+05
1.500139000000000000e+06 -3.252220000000000000e+05 -9.832080000000000000e+05 -2.131532000000000000e+06 1.552121000000000000e+06 1.288185000000000000e+06 -2.254300000000000000e+04 2.831180000000000000e+06 1.231236000000000000e+06 8.074250000000000000e+05 1.810724000000000000e+06 -6.097300000000000000e+04 2.077496000000000000e+06 1.256760000000000000e+05 -3.144275000000000000e+06 2.713640000000000000e+05 1.850576000000000000e+06 7.450072000000000000e+06 3.322900000000000000e+05 -1.203998000000000000e+06
-4.840780000000000000e+05 4.382600000000000000e+04 1.279976000000000000e+06 2.000334000000000000e+06 -1.739405000000000000e+06 -2.834920000000000000e+05 1.474307000000000000e+06 4.064930000000000000e+05 -6.751290000000000000e+05 1.626490000000000000e+05 -8.319170000000000000e+05 2.330354000000000000e+06 -1.541120000000000000e+06 -1.376660000000000000e+06 1.174445000000000000e+06 -8.725010000000000000e+05 7.140390000000000000e+05 3.322900000000000000e+05 6.146453000000000000e+06 2.648170000000000000e+05
-5.411170000000000000e+05 -1.606100000000000000e+04 6.716680000000000000e+05 4.583770000000000000e+05 -2.068055000000000000e+06 -1.190431000000000000e+06 1.319546000000000000e+06 -1.107691000000000000e+06 -1.733515000000000000e+06 7.116640000000000000e+05 7.617100000000000000e+04 1.804222000000000000e+06 5.958900000000000000e+05 1.865957000000000000e+06 1.242341000000000000e+06 -1.367698000000000000e+06 -7.756270000000000000e+05 -1.203998000000000000e+06 2.648170000000000000e+05 4.874447000000000000e+06
