7.936569000000000000e+06 -2.438177000000000000e+06 2.208300000000000000e+04 -2.883023000000000000e+06 -3.436671000000000000e+06 4.371400000000000000e+04 -1.141199000000000000e+06 2.430583000000000000e+06 -2.013414000000000000e+06 5.163060000000000000e+05 -1.631659000000000000e+06 -4.857790000000000000e+05 3.223040000000000000e+05 6.531340000000000000e+05 -1.692713000000000000e+06 -1.176344000000000000e+06 -2.597701000000000000e+06 2.427673000000000000e+06 1.518063000000000000e+06 1.630446000000000000e+06
-2.438177000000000000e+06 8.783951000000000000e+06 -1.362619000000000000e+06 3.001650000000000000e+06 2.247270000000000000e+05 1.026410000000000000e+06 1.926549000000000000e+06 -3.169250000000000000e+05 2.166950000000000000e+06 -3.890490000000000000e+05 -1.533960000000000000e+05 2.577760000000000000e+06 2.287334000000000000e+06 1.964820000000000000e+05 1.824359000000000000e+06 1.616012000000000000e+06 1.458670000000000000e+05 -4.811718000000000000e+06 2.537655000000000000e+06 -4.622690000000000000e+05
2.208300000000000000e+04 -1.362619000000000000e+06 4.916597000000000000e+06 6.790930000000000000e+05 -2.465290000000000000e+05 -1.713499000000000000e+06 6.895680000000000000e+05 2.266187000000000000e+06 8.896560000000000000e+05 -8.225450000000000000e+05 -4.423010000000000000e+05 2.004286000000000000e+06 6.952180000000000000e+05 1.458020000000000000e+05 9.563860000000000000e+05 -9.521700000000000000e+04 -2.929500000000000000e+04 1.455662000000000000e+06 1.200641000000000000e+06 1.947620000000000000e+05
-2.883023000000000000e+06 3.001650000000000000e+06 6.790930000000000000e+05 7.899974000000000000e+06 4.433480000000000000e+05 -1.202424000000000000e+06 -2.051400000000000000e+04 -2.026810000000000000e+05 1.777685000000000000e+06 -5.452410000000000000e+05 -3.013200000000000000e+04 1.834622000000000000e+06 -9.600410000000000000e+05 -1.766194000000000000e+06 -4.097410000000000000e+05 1.167595000000000000e+06 2.661066000000000000e+06 -2.160910000000000000e+05 3.894620000000000000e+05 4.408130000000000000e+05
-3.436671000000000000e+06 2.247270000000000000e+05 -2.465290000000000000e+05 4.433480000000000000e+05 8.172952000000000000e+06 1.050427000000000000e+06 -1.374084000000000000e+06 1.620721000000000000e+06 2.456959000000000000e+06 1.937185000000000000e+06 2.039140000000000000e+05 -4.189345000000000000e+06 -8.649130000000000000e+05 1.169436000000000000e+06 1.276598000000000000e+06 6.371420000000000000e+05 2.157729000000000000e+06 -2.172695000000000000e+06 -1.800025000000000000e+06 -9.534870000000000000e+05
4.371400000000000000e+04 1.026410000000000000e+06 -1.713499000000000000e+06 -1.202424000000000000e+06 1.050427000000000000e+06 5.925011000000000000e+06 -2.217590000000000000e+05 1.928781000000000000e+06 -2.063344000000000000e+06 -5.384490000000000000e+05 -2.041664000000000000e+06 -1.597504000000000000e+06 -1.383981000000000000e+06 1.884500000000000000e+05 -4.237220000000000000e+05 1.841975000000000000e+06 -1.395452000000000000e+06 -2.259641000000000000e+06 3.134002000000000000e+06 1.922480000000000000e+05
-1.141199000000000000e+06 1.926549000000000000e+06 6.895680000000000000e+05 -2.051400000000000000e+04 -1.374084000000000000e+06 -2.217590000000000000e+05 7.857894000000000000e+06 -3.007410000000000000e+05 -6.632900000000000000e+04 -5.112553000000000000e+06 2.898134000000000000e+06 2.126495000000000000e+06 -1.697940000000000000e+05 2.411778000000000000e+06 2.721468000000000000e+06 2.803513000000000000e+06 8.131320000000000000e+05 -3.705250000000000000e+05 -4.270780000000000000e+05 4.523500000000000000e+04
2.430583000000000000e+06 -3.169250000000000000e+05 2.266187000000000000e+06 -2.026810000000000000e+05 1.620721000000000000e+06 1.928781000000000000e+06 -3.007410000000000000e+05 8.635708000000000000e+06 1.291491000000000000e+06 1.873864000000000000e+06 -3.196115000000000000e+06 -2.862367000000000000e+06 -6.005680000000000000e+05 1.348369000000000000e+06 1.151619000000000000e+06 3.917334000000000000e+06 -1.657994000000000000e+06 -2.847810000000000000e+05 6.660170000000000000e+05 2.701116000000000000e+06
-2.013414000000000000e+06 2.166950000000000000e+06 8.896560000000000000e+05 1.777685000000000000e+06 2.456959000000000000e+06 -2.063344000000000000e+06 -6.632900000000000000e+04 1.291491000000000000e+06 1.021231900000000000e+07 8.615970000000000000e+05 5.006930000000000000e+05 -1.614446000000000000e+06 1.350226000000000000e+06 7.666110000000000000e+05 2.679903000000000000e+06 -6.883310000000000000e+05 7.382440000000000000e+05 -2.673558000000000000e+06 -3.306527000000000000e+06 -3.604148000000000000e+06
5.163060000000000000e+05 -3.890490000000000000e+05 -8.225450000000000000e+05 -5.452410000000000000e+05 1.937185000000000000e+06 -5.384490000000000000e+05 -5.112553000000000000e+06 1.873864000000000000e+06 8.615970000000000000e+05 8.364318000000000000e+06 -2.448727000000000000e+06 -2.506031000000000000e+06 2.475026000000000000e+06 -1.318950000000000000e+06 -1.066007000000000000e+06 8.489700000000000000e+04 -7.332690000000000000e+05 -1.329836000000000000e+06 -2.211801000000000000e+06 3.215060000000000000e+05
-1.631659000000000000e+06 -1.533960000000000000e+05 -4.423010000000000000e+05 -3.013200000000000000e+04 2.039140000000000000e+05 -2.041664000000000000e+06 2.898134000000000000e+06 -3.196115000000000000e+06 5.006930000000000000e+05 -2.448727000000000000e+06 6.344660000000000000e+06 -6.608290000000000000e+05 -1.005919000000000000e+06 1.294255000000000000e+06 7.436400000000000000e+05 3.397780000000000000e+05 1.071043000000000000e+06 4.528780000000000000e+05 -2.696350000000000000e+06 3.105090000000000000e+05
-4.857790000000000000e+05 2.577760000000000000e+06 2.004286000000000000e+06 1.834622000000000000e+06 -4.189345000000000000e+06 -1.597504000000000000e+06 2.126495000000000000e+06 -2.862367000000000000e+06 -1.614446000000000000e+06 -2.506031000000000000e+06 -6.608290000000000000e+05 8.024802000000000000e+06 1.722153000000000000e+06 -2.712530000000000000e+05 7.650440000000000000e+05 -8.890430000000000000e+05 7.295600000000000000e+05 2.838790000000000000e+05 3.417524000000000000e+06 -2.139701000000000000e+06
3.223040000000000000e+05 2.287334000000000000e+06 6.952180000000000000e+05 -9.600410000000000000e+05 -8.649130000000000000e+05 -1.383981000000000000e+06 -1.697940000000000000e+05 -6.005680000000000000e+05 1.350226000000000000e+06 2.475026000000000000e+06 -1.005919000000000000e+06 1.722153000000000000e+06 5.908683000000000000e+06 -8.937750000000000000e+05 4.544860000000000000e+05 -4.524400000000000000e+05 -2.109533000000000000e+06 -2.102565000000000000e+06 9.998700000000000000e+05 -1.290650000000000000e+06
6.531340000000000000e+05 1.964820000000000000e+05 1.458020000000000000e+05 -1.766194000000000000e+06 1.169436000000000000e+06 1.884500000000000000e+05 2.411778000000000000e+06 1.348369000000000000e+06 7.666110000000000000e+05 -1.318950000000000000e+06 1.294255000000000000e+06 -2.712530000000000000e+05 -8.937750000000000000e+05 4.234394000000000000e+06 2.106764000000000000e+06 4.115640000000000000e+05 -8.321000000000000000e+05 -1.483764000000000000e+06 -2.728450000000000000e+05 -6.429160000000000000e+05
-1.692713000000000000e+06 1.824359000000000000e+06 9.563860000000000000e+05 -4.097410000000000000e+05 1.276598000000000000e+06 -4.237220000000000000e+05 2.721468000000000000e+06 1.151619000000000000e+06 2.679903000000000000e+06 -1.066007000000000000e+06 7.436400000000000000e+05 7.650440000000000000e+05 4.544860000000000000e+05 2.106764000000000000e+06 6.729582000000000000e+06 3.030712000000000000e+06 -7.878510000000000000e+05 3.311590000000000000e+05 -2.486100000000000000e+04 -1.663488000000000000e+06
-1.176344000000000000e+06 1.616012000000000000e+06 -9.521700000000000000e+04 1.167595000000000000e+06 6.371420000000000000e+05 1.841975000000000000e+06 2.803513000000000000e+06 3.917334000000000000e+06 -6.883310000000000000e+05 8.489700000000000000e+04 3.397780000000000000e+05 -8.890430000000000000e+05 -4.524400000000000000e+05 4.115640000000000000e+05 3.030712000000000000e+06 7.130872000000000000e+06 -8.682700000000000000e+04 -1.441960000000000000e+05 -1.065970000000000000e+05 3.165112000000000000e+06
-2.597701000000000000e+06 1.458670000000000000e+05 -2.929500000000000000e+04 2.661066000000000000e+06 2.157729000000000000e+06 -1.395452000000000000e+06 8.131320000000000000e+05 -1.657994000000000000e+06 7.382440000000000000e+05 -7.332690000000000000e+05 1.071043000000000000e+06 7.295600000000000000e+05 -2.109533000000000000e+06 -8.321000000000000000e+05 -7.878510000000000000e+05 -8.682700000000000000e+04 5.205002000000000000e+06 2.089110000000000000e+05 -3.254046000000000000e+06 1.129450000000000000e+05
2.427673000000000000e+06 -4.811718000000000000e+06 1.455662000000000000e+06 -2.160910000000000000e+05 -2.172695000000000000e+06 -2.259641000000000000e+06 -3.705250000000000000e+05 -2.847810000000000000e+05 -2.673558000000000000e+06 -1.329836000000000000e+06 4.528780000000000000e+05 2.838790000000000000e+05 -2.102565000000000000e+06 -1.483764000000000000e+06 3.311590000000000000e+05 -1.441960000000000000e+05 2.089110000000000000e+05 7.425416000000000000e+06 -3.492210000000000000e+05 5.910050000000000000e+05
1.518063000000000000e+06 2.537655000000000000e+06 1.200641000000000000e+06 3.894620000000000000e+05 -1.800025000000000000e+06 3.134002000000000000e+06 -4.270780000000000000e+05 6.660170000000000000e+05 -3.306527000000000000e+06 -2.211801000000000000e+06 -2.696350000000000000e+06 3.417524000000000000e+06 9.998700000000000000e+05 -2.728450000000000000e+05 -2.486100000000000000e+04 -1.065970000000000000e+05 -3.254046000000000000e+06 -3.492210000000000000e+05 8.603601000000000000e+06 -2.259340000000000000e+05
1.630446000000000000e+06 -4.622690000000000000e+05 1.947620000000000000e+05 4.408130000000000000e+05 -9.534870000000000000e+05 1.922480000000000000e+05 4.523500000000000000e+04 2.701116000000000000e+06 -3.604148000000000000e+06 3.215060000000000000e+05 3.105090000000000000e+05 -2.139701000000000000e+06 -1.290650000000000000e+06 -6.429160000000000000e+05 -1.663488000000000000e+06 3.165112000000000000e+06 1.129450000000000000e+05 5.910050000000000000e+05 -2.259340000000000000e+05 7.729559000000000000e+06
