6.646595000000000000e+06 -2.063468000000000000e+06 -8.142720000000000000e+05 -1.798904000000000000e+06 -4.429480000000000000e+05 -3.754313000000000000e+06 -3.577592000000000000e+06 -2.267110000000000000e+06 6.954190000000000000e+05 -1.558530000000000000e+05 -1.238443000000000000e+06 4.014460000000000000e+05 -1.375373000000000000e+06 -1.135573000000000000e+06 -3.767210000000000000e+05 1.270230000000000000e+06 -9.668200000000000000e+04 -4.019783000000000000e+06 4.241910000000000000e+05 -2.457307000000000000e+06
-2.063468000000000000e+06 6.065321000000000000e+06 -8.939310000000000000e+05 1.003843000000000000e+06 1.535845000000000000e+06 3.691479000000000000e+06 6.258360000000000000e+05 1.771726000000000000e+06 -1.699717000000000000e+06 1.576906000000000000e+06 -1.175434000000000000e+06 -8.749050000000000000e+05 -4.914100000000000000e+05 7.765130000000000000e+05 2.863432000000000000e+06 -3.990650000000000000e+05 -2.671336000000000000e+06 1.824190000000000000e+06 2.149426000000000000e+06 -1.965489000000000000e+06
-8.142720000000000000e+05 -8.939310000000000000e+05 5.238945000000000000e+06 -6.943270000000000000e+05 4.829240000000000000e+05 -5.314190000000000000e+05 7.248600000000000000e+05 -1.299424000000000000e+06 1.878635000000000000e+06 8.145970000000000000e+05 -8.869390000000000000e+05 -1.423122000000000000e+06 -1.232891000000000000e+06 -1.195092000000000000e+06 -9.342550000000000000e+05 -7.336390000000000000e+05 2.125597000000000000e+06 1.667700000000000000e+04 -3.261370000000000000e+05 3.318090000000000000e+05
-1.798904000000000000e+06 1.003843000000000000e+06 -6.943270000000000000e+05 8.495881000000000000e+06 6.534350000000000000e+05 7.337800000000000000e+05 7.580400000000000000e+04 2.024539000000000000e+06 5.388580000000000000e+05 -5.746240000000000000e+05 -1.408249000000000000e+06 -1.457750000000000000e+05 -9.475120000000000000e+05 1.054464000000000000e+06 -1.650735000000000000e+06 -1.320394000000000000e+06 -1.676967000000000000e+06 7.211350000000000000e+05 4.674369000000000000e+06 1.777942000000000000e+06
-4.429480000000000000e+05 1.535845000000000000e+06 4.829240000000000000e+05 6.534350000000000000e+05 6.602069000000000000e+06 3.204590000000000000e+05 1.354450000000000000e+05 2.079979000000000000e+06 9.411200000000000000e+04 2.655880000000000000e+05 1.560248000000000000e+06 -1.333850000000000000e+05 5.451320000000000000e+05 1.851098000000000000e+06 6.256600000000000000e+04 -1.029839000000000000e+06 2.031720000000000000e+05 1.301661000000000000e+06 -1.647000000000000000e+04 -1.084637000000000000e+06
-3.754313000000000000e+06 3.691479000000000000e+06 -5.314190000000000000e+05 7.337800000000000000e+05 3.204590000000000000e+05 7.823228000000000000e+06 1.921911000000000000e+06 3.487060000000000000e+05 -2.651940000000000000e+06 -1.138815000000000000e+06 -6.132200000000000000e+05 1.785800000000000000e+05 1.732464000000000000e+06 -1.590784000000000000e+06 4.033541000000000000e+06 -2.733158000000000000e+06 7.918630000000000000e+05 2.196508000000000000e+06 1.566491000000000000e+06 -1.742320000000000000e+05
-3.577592000000000000e+06 6.258360000000000000e+05 7.248600000000000000e+05 7.580400000000000000e+04 1.354450000000000000e+05 1.921911000000000000e+06 7.020699000000000000e+06 -2.850010000000000000e+05 1.434120000000000000e+06 1.107985000000000000e+06 -2.319300000000000000e+05 1.304446000000000000e+06 2.868134000000000000e+06 -1.428238000000000000e+06 -1.890035000000000000e+06 -3.965500000000000000e+05 -4.003050000000000000e+05 3.583659000000000000e+06 -4.444874000000000000e+06 8.882820000000000000e+05
-2.267110000000000000e+06 1.771726000000000000e+06 -1.299424000000000000e+06 2.024539000000000000e+06 2.079979000000000000e+06 3.487060000000000000e+05 -2.850010000000000000e+05 7.686597000000000000e+06 -7.766300000000000000e+04 -2.625614000000000000e+06 -9.466450000000000000e+05 9.821450000000000000e+05 -3.704330000000000000e+05 2.972713000000000000e+06 7.492080000000000000e+05 7.295490000000000000e+05 -3.398800000000000000e+05 2.091041000000000000e+06 2.840378000000000000e+06 6.301600000000000000e+05
6.954190000000000000e+05 -1.699717000000000000e+06 1.878635000000000000e+06 5.388580000000000000e+05 9.411200000000000000e+04 -2.651940000000000000e+06 1.434120000000000000e+06 -7.766300000000000000e+04 7.403423000000000000e+06 -1.049379000000000000e+06 6.643170000000000000e+05 -3.772800000000000000e+04 8.361440000000000000e+05 4.103100000000000000e+05 -3.011062000000000000e+06 -7.073630000000000000e+05 -2.869153000000000000e+06 -1.024940000000000000e+05 5.215360000000000000e+05 -7.176470000000000000e+05
-1.558530000000000000e+05 1.576906000000000000e+06 8.145970000000000000e+05 -5.746240000000000000e+05 2.655880000000000000e+05 -1.138815000000000000e+06 1.107985000000000000e+06 -2.625614000000000000e+06 -1.049379000000000000e+06 7.568167000000000000e+06 1.643140000000000000e+05 -2.764801000000000000e+06 -8.474220000000000000e+05 -6.793580000000000000e+05 2.402000000000000000e+04 1.790910000000000000e+06 -9.926190000000000000e+05 -3.562500000000000000e+05 -2.386562000000000000e+06 -8.543680000000000000e+05
-1.238443000000000000e+06 -1.175434000000000000e+06 -8.869390000000000000e+05 -1.408249000000000000e+06 1.560248000000000000e+06 -6.132200000000000000e+05 -2.319300000000000000e+05 -9.466450000000000000e+05 6.643170000000000000e+05 1.643140000000000000e+05 5.159691000000000000e+06 -4.771560000000000000e+05 2.497293000000000000e+06 2.704631000000000000e+06 -2.743740000000000000e+05 -6.009240000000000000e+05 -4.832380000000000000e+05 1.129030000000000000e+05 -1.496164000000000000e+06 5.601000000000000000e+05
4.014460000000000000e+05 -8.749050000000000000e+05 -1.423122000000000000e+06 -1.457750000000000000e+05 -1.333850000000000000e+05 1.785800000000000000e+05 1.304446000000000000e+06 9.821450000000000000e+05 -3.772800000000000000e+04 -2.764801000000000000e+06 -4.771560000000000000e+05 5.855844000000000000e+06 1.764417000000000000e+06 -3.737900000000000000e+05 -1.506848000000000000e+06 -1.555476000000000000e+06 -9.897100000000000000e+04 -3.259920000000000000e+05 -1.460182000000000000e+06 1.971835000000000000e+06
-1.375373000000000000e+06 -4.914100000000000000e+05 -1.232891000000000000e+06 -9.475120000000000000e+05 5.451320000000000000e+05 1.732464000000000000e+06 2.868134000000000000e+06 -3.704330000000000000e+05 8.361440000000000000e+05 -8.474220000000000000e+05 2.497293000000000000e+06 1.764417000000000000e+06 5.556545000000000000e+06 -3.052570000000000000e+05 1.846540000000000000e+05 -1.289709000000000000e+06 3.381180000000000000e+05 5.316130000000000000e+05 -2.408153000000000000e+06 1.417913000000000000e+06
-1.135573000000000000e+06 7.765130000000000000e+05 -1.195092000000000000e+06 1.054464000000000000e+06 1.851098000000000000e+06 -1.590784000000000000e+06 -1.428238000000000000e+06 2.972713000000000000e+06 4.103100000000000000e+05 -6.793580000000000000e+05 2.704631000000000000e+06 -3.737900000000000000e+05 -3.052570000000000000e+05 6.941793000000000000e+06 -3.893030000000000000e+05 -2.278460000000000000e+05 -1.001671000000000000e+06 5.078850000000000000e+05 2.368716000000000000e+06 -2.763558000000000000e+06
-3.767210000000000000e+05 2.863432000000000000e+06 -9.342550000000000000e+05 -1.650735000000000000e+06 6.256600000000000000e+04 4.033541000000000000e+06 -1.890035000000000000e+06 7.492080000000000000e+05 -3.011062000000000000e+06 2.402000000000000000e+04 -2.743740000000000000e+05 -1.506848000000000000e+06 1.846540000000000000e+05 -3.893030000000000000e+05 7.669126000000000000e+06 -1.502491000000000000e+06 1.726032000000000000e+06 -7.246900000000000000e+04 3.353884000000000000e+06 -6.037960000000000000e+05
1.270230000000000000e+06 -3.990650000000000000e+05 -7.336390000000000000e+05 -1.320394000000000000e+06 -1.029839000000000000e+06 -2.733158000000000000e+06 -3.965500000000000000e+05 7.295490000000000000e+05 -7.073630000000000000e+05 1.790910000000000000e+06 -6.009240000000000000e+05 -1.555476000000000000e+06 -1.289709000000000000e+06 -2.278460000000000000e+05 -1.502491000000000000e+06 4.411669000000000000e+06 -9.552360000000000000e+05 2.172670000000000000e+05 -2.093345000000000000e+06 -2.074610000000000000e+05
-9.668200000000000000e+04 -2.671336000000000000e+06 2.125597000000000000e+06 -1.676967000000000000e+06 2.031720000000000000e+05 7.918630000000000000e+05 -4.003050000000000000e+05 -3.398800000000000000e+05 -2.869153000000000000e+06 -9.926190000000000000e+05 -4.832380000000000000e+05 -9.897100000000000000e+04 3.381180000000000000e+05 -1.001671000000000000e+06 1.726032000000000000e+06 -9.552360000000000000e+05 7.350400000000000000e+06 -8.737460000000000000e+05 -1.795758000000000000e+06 1.598478000000000000e+06
-4.019783000000000000e+06 1.824190000000000000e+06 1.667700000000000000e+04 7.211350000000000000e+05 1.301661000000000000e+06 2.196508000000000000e+06 3.583659000000000000e+06 2.091041000000000000e+06 -1.024940000000000000e+05 -3.562500000000000000e+05 1.129030000000000000e+05 -3.259920000000000000e+05 5.316130000000000000e+05 5.078850000000000000e+05 -7.246900000000000000e+04 2.172670000000000000e+05 -8.737460000000000000e+05 5.310873000000000000e+06 -1.704651000000000000e+06 9.242170000000000000e+05
4.241910000000000000e+05 2.149426000000000000e+06 -3.261370000000000000e+05 4.674369000000000000e+06 -1.647000000000000000e+04 1.566491000000000000e+06 -4.444874000000000000e+06 2.840378000000000000e+06 5.215360000000000000e+05 -2.386562000000000000e+06 -1.496164000000000000e+06 -1.460182000000000000e+06 -2.408153000000000000e+06 2.368716000000000000e+06 3.353884000000000000e+06 -2.093345000000000000e+06 -1.795758000000000000e+06 -1.704651000000000000e+06 1.017372100000000000e+07 -1.723035000000000000e+06
-2.457307000000000000e+06 -1.965489000000000000e+06 3.318090000000000000e+05 1.777942000000000000e+06 -1.084637000000000000e+06 -1.742320000000000000e+05 8.882820000000000000e+05 6.301600000000000000e+05 -7.176470000000000000e+05 -8.543680000000000000e+05 5.601000000000000000e+05 1.971835000000000000e+06 1.417913000000000000e+06 -2.763558000000000000e+06 -6.037960000000000000e+05 -2.074610000000000000e+05 1.598478000000000000e+06 9.242170000000000000e+05 -1.723035000000000000e+06 8.409289000000000000e+06
