8.987256000000000000e+06 2.026943000000000000e+06 1.883496000000000000e+06 3.365095000000000000e+06 -3.718180000000000000e+06 3.973553000000000000e+06 -2.416711000000000000e+06 -3.009296000000000000e+06 -1.160847000000000000e+06 4.725619000000000000e+06 -2.789190000000000000e+05 -1.564100000000000000e+04 4.377420000000000000e+05 -1.359120000000000000e+06 4.016000000000000000e+04 2.097110000000000000e+05 -1.004416000000000000e+06 -8.983260000000000000e+05 5.100870000000000000e+05 1.027135000000000000e+06
2.026943000000000000e+06 6.853118000000000000e+06 2.782967000000000000e+06 -5.562580000000000000e+05 -1.078922000000000000e+06 -3.662340000000000000e+05 -4.166930000000000000e+06 -2.099792000000000000e+06 1.166253000000000000e+06 3.538534000000000000e+06 -1.181682000000000000e+06 1.580138000000000000e+06 2.177016000000000000e+06 -2.986821000000000000e+06 1.761576000000000000e+06 9.035640000000000000e+05 6.044050000000000000e+05 -9.377310000000000000e+05 2.357613000000000000e+06 1.094756000000000000e+06
1.883496000000000000e+06 2.782967000000000000e+06 5.640124000000000000e+06 3.702540000000000000e+05 -1.668584000000000000e+06 2.157010000000000000e+05 -7.210190000000000000e+05 -5.071630000000000000e+05 1.916430000000000000e+05 3.233051000000000000e+06 -9.625230000000000000e+05 -1.575738000000000000e+06 4.389800000000000000e+04 1.155350000000000000e+05 1.802023000000000000e+06 2.090421000000000000e+06 -2.377240000000000000e+05 -1.435651000000000000e+06 1.467771000000000000e+06 2.159450000000000000e+06
3.365095000000000000e+06 -5.562580000000000000e+05 3.702540000000000000e+05 8.758096000000000000e+06 -6.278990000000000000e+05 3.346064000000000000e+06 -1.107857000000000000e+06 7.773300000000000000e+05 -9.805800000000000000e+04 -4.560530000000000000e+05 9.070960000000000000e+05 -2.750791000000000000e+06 1.879108000000000000e+06 -3.871500000000000000e+04 -5.221920000000000000e+05 1.533010000000000000e+06 -1.414138000000000000e+06 -2.660234000000000000e+06 1.669150000000000000e+05 3.338560000000000000e+05
-3.718180000000000000e+06 -1.078922000000000000e+06 -1.668584000000000000e+06 -6.278990000000000000e+05 6.330356000000000000e+06 3.796670000000000000e+05 6.904810000000000000e+05 -6.337360000000000000e+05 7.127700000000000000e+05 -3.747235000000000000e+06 2.162066000000000000e+06 6.770010000000000000e+05 2.155792000000000000e+06 5.727640000000000000e+05 -8.193130000000000000e+05 9.393810000000000000e+05 8.119590000000000000e+05 8.693790000000000000e+05 -7.547840000000000000e+05 -3.176018000000000000e+06
3.973553000000000000e+06 -3.662340000000000000e+05 2.157010000000000000e+05 3.346064000000000000e+06 3.796670000000000000e+05 8.040960000000000000e+06 -6.016100000000000000e+05 -3.390371000000000000e+06 -1.246600000000000000e+06 2.522081000000000000e+06 -1.889180000000000000e+06 -6.523870000000000000e+05 3.468807000000000000e+06 -1.589808000000000000e+06 8.938570000000000000e+05 1.765741000000000000e+06 1.576611000000000000e+06 -1.285698000000000000e+06 2.674493000000000000e+06 -1.738159000000000000e+06
-2.416711000000000000e+06 -4.166930000000000000e+06 -7.210190000000000000e+05 -1.107857000000000000e+06 6.904810000000000000e+05 -6.016100000000000000e+05 6.576562000000000000e+06 7.109100000000000000e+04 -5.480680000000000000e+05 -9.980590000000000000e+05 2.076555000000000000e+06 -2.063491000000000000e+06 -2.409943000000000000e+06 4.194870000000000000e+05 -6.647100000000000000e+05 -2.838235000000000000e+06 -1.590272000000000000e+06 1.477590000000000000e+06 3.482830000000000000e+05 -1.518574000000000000e+06
-3.009296000000000000e+06 -2.099792000000000000e+06 -5.071630000000000000e+05 7.773300000000000000e+05 -6.337360000000000000e+05 -3.390371000000000000e+06 7.109100000000000000e+04 7.842444000000000000e+06 -4.832430000000000000e+05 -2.068024000000000000e+06 -7.070120000000000000e+05 -1.561632000000000000e+06 -6.777090000000000000e+05 3.603700000000000000e+06 -2.532924000000000000e+06 1.347136000000000000e+06 -1.058602000000000000e+06 1.052900000000000000e+06 -2.455094000000000000e+06 8.938420000000000000e+05
-1.160847000000000000e+06 1.166253000000000000e+06 1.916430000000000000e+05 -9.805800000000000000e+04 7.127700000000000000e+05 -1.246600000000000000e+06 -5.480680000000000000e+05 -4.832430000000000000e+05 2.797031000000000000e+06 -5.346710000000000000e+05 5.275810000000000000e+05 7.188200000000000000e+05 1.950753000000000000e+06 -5.754000000000000000e+03 1.402038000000000000e+06 -1.192824000000000000e+06 -1.022360000000000000e+05 -5.106940000000000000e+05 -8.243630000000000000e+05 9.504950000000000000e+05
4.725619000000000000e+06 3.538534000000000000e+06 3.233051000000000000e+06 -4.560530000000000000e+05 -3.747235000000000000e+06 2.522081000000000000e+06 -9.980590000000000000e+05 -2.068024000000000000e+06 -5.346710000000000000e+05 7.343762000000000000e+06 -3.106628000000000000e+06 -9.695500000000000000e+04 8.935280000000000000e+05 -1.621103000000000000e+06 1.625578000000000000e+06 -1.008890000000000000e+06 1.563400000000000000e+06 -1.494280000000000000e+06 3.449628000000000000e+06 3.510180000000000000e+05
-2.789190000000000000e+05 -1.181682000000000000e+06 -9.625230000000000000e+05 9.070960000000000000e+05 2.162066000000000000e+06 -1.889180000000000000e+06 2.076555000000000000e+06 -7.070120000000000000e+05 5.275810000000000000e+05 -3.106628000000000000e+06 7.361302000000000000e+06 7.649850000000000000e+05 3.718110000000000000e+05 2.380790000000000000e+05 -5.537420000000000000e+05 -1.001561000000000000e+06 -2.442220000000000000e+06 2.956541000000000000e+06 -1.815665000000000000e+06 -1.684991000000000000e+06
-1.564100000000000000e+04 1.580138000000000000e+06 -1.575738000000000000e+06 -2.750791000000000000e+06 6.770010000000000000e+05 -6.523870000000000000e+05 -2.063491000000000000e+06 -1.561632000000000000e+06 7.188200000000000000e+05 -9.695500000000000000e+04 7.649850000000000000e+05 6.232455000000000000e+06 5.152100000000000000e+05 8.073570000000000000e+05 -3.386010000000000000e+05 -4.140170000000000000e+05 8.524710000000000000e+05 9.493090000000000000e+05 -4.419730000000000000e+05 -7.722720000000000000e+05
4.377420000000000000e+05 2.177016000000000000e+06 4.389800000000000000e+04 1.879108000000000000e+06 2.155792000000000000e+06 3.468807000000000000e+06 -2.409943000000000000e+06 -6.777090000000000000e+05 1.950753000000000000e+06 8.935280000000000000e+05 3.718110000000000000e+05 5.152100000000000000e+05 7.899544000000000000e+06 -1.799798000000000000e+06 5.301710000000000000e+05 1.696805000000000000e+06 1.304758000000000000e+06 -3.545900000000000000e+05 1.213877000000000000e+06 -6.747700000000000000e+05
-1.359120000000000000e+06 -2.986821000000000000e+06 1.155350000000000000e+05 -3.871500000000000000e+04 5.727640000000000000e+05 -1.589808000000000000e+06 4.194870000000000000e+05 3.603700000000000000e+06 -5.754000000000000000e+03 -1.621103000000000000e+06 2.380790000000000000e+05 8.073570000000000000e+05 -1.799798000000000000e+06 7.013187000000000000e+06 -2.104540000000000000e+05 4.445400000000000000e+04 1.349353000000000000e+06 4.615030000000000000e+05 -2.609447000000000000e+06 8.765600000000000000e+04
4.016000000000000000e+04 1.761576000000000000e+06 1.802023000000000000e+06 -5.221920000000000000e+05 -8.193130000000000000e+05 8.938570000000000000e+05 -6.647100000000000000e+05 -2.532924000000000000e+06 1.402038000000000000e+06 1.625578000000000000e+06 -5.537420000000000000e+05 -3.386010000000000000e+05 5.301710000000000000e+05 -2.104540000000000000e+05 6.778608000000000000e+06 -1.230648000000000000e+06 6.319850000000000000e+05 1.325090000000000000e+06 1.318123000000000000e+06 -5.687470000000000000e+05
2.097110000000000000e+05 9.035640000000000000e+05 2.090421000000000000e+06 1.533010000000000000e+06 9.393810000000000000e+05 1.765741000000000000e+06 -2.838235000000000000e+06 1.347136000000000000e+06 -1.192824000000000000e+06 -1.008890000000000000e+06 -1.001561000000000000e+06 -4.140170000000000000e+05 1.696805000000000000e+06 4.445400000000000000e+04 -1.230648000000000000e+06 7.916376000000000000e+06 -8.724380000000000000e+05 -9.963490000000000000e+05 6.332930000000000000e+05 5.042780000000000000e+05
-1.004416000000000000e+06 6.044050000000000000e+05 -2.377240000000000000e+05 -1.414138000000000000e+06 8.119590000000000000e+05 1.576611000000000000e+06 -1.590272000000000000e+06 -1.058602000000000000e+06 -1.022360000000000000e+05 1.563400000000000000e+06 -2.442220000000000000e+06 8.524710000000000000e+05 1.304758000000000000e+06 1.349353000000000000e+06 6.319850000000000000e+05 -8.724380000000000000e+05 7.135130000000000000e+06 -1.302746000000000000e+06 6.200040000000000000e+05 2.900800000000000000e+05
-8.983260000000000000e+05 -9.377310000000000000e+05 -1.435651000000000000e+06 -2.660234000000000000e+06 8.693790000000000000e+05 -1.285698000000000000e+06 1.477590000000000000e+06 1.052900000000000000e+06 -5.106940000000000000e+05 -1.494280000000000000e+06 2.956541000000000000e+06 9.493090000000000000e+05 -3.545900000000000000e+05 4.615030000000000000e+05 1.325090000000000000e+06 -9.963490000000000000e+05 -1.302746000000000000e+06 6.584673000000000000e+06 -1.710081000000000000e+06 -1.166331000000000000e+06
5.100870000000000000e+05 2.357613000000000000e+06 1.467771000000000000e+06 1.669150000000000000e+05 -7.547840000000000000e+05 2.674493000000000000e+06 3.482830000000000000e+05 -2.455094000000000000e+06 -8.243630000000000000e+05 3.449628000000000000e+06 -1.815665000000000000e+06 -4.419730000000000000e+05 1.213877000000000000e+06 -2.609447000000000000e+06 1.318123000000000000e+06 6.332930000000000000e+05 6.200040000000000000e+05 -1.710081000000000000e+06 6.060317000000000000e+06 -2.870890000000000000e+05
1.027135000000000000e+06 1.094756000000000000e+06 2.159450000000000000e+06 3.338560000000000000e+05 -3.176018000000000000e+06 -1.738159000000000000e+06 -1.518574000000000000e+06 8.938420000000000000e+05 9.504950000000000000e+05 3.510180000000000000e+05 -1.684991000000000000e+06 -7.722720000000000000e+05 -6.747700000000000000e+05 8.765600000000000000e+04 -5.687470000000000000e+05 5.042780000000000000e+05 2.900800000000000000e+05 -1.166331000000000000e+06 -2.870890000000000000e+05 7.703047000000000000e+06
