8.793388000000000000e+06 -3.846000000000000000e+03 -6.620910000000000000e+05 5.973880000000000000e+05 -5.127210000000000000e+05 4.572340000000000000e+05 -1.178310000000000000e+06 -1.933970000000000000e+05 2.657814000000000000e+06 1.910920000000000000e+06 9.456130000000000000e+05 1.328351000000000000e+06 -1.993923000000000000e+06 1.437290000000000000e+05 1.255165000000000000e+06 -9.423780000000000000e+05 1.550670000000000000e+06 2.800744000000000000e+06 4.158866000000000000e+06 -2.873201000000000000e+06
-3.846000000000000000e+03 6.206749000000000000e+06 -1.017365000000000000e+06 -1.381563000000000000e+06 1.628609000000000000e+06 2.811660000000000000e+05 6.590130000000000000e+05 -2.870211000000000000e+06 4.230500000000000000e+04 -1.406222000000000000e+06 2.894304000000000000e+06 -2.471678000000000000e+06 -1.801375000000000000e+06 -1.930750000000000000e+05 -1.075652000000000000e+06 -2.047102000000000000e+06 2.944820000000000000e+05 1.223360000000000000e+05 -2.511321000000000000e+06 3.681700000000000000e+04
-6.620910000000000000e+05 -1.017365000000000000e+06 5.364666000000000000e+06 -1.227018000000000000e+06 1.294358000000000000e+06 2.157476000000000000e+06 -2.500800000000000000e+05 -5.184340000000000000e+05 -2.868600000000000000e+04 5.461140000000000000e+05 1.572475000000000000e+06 -3.197714000000000000e+06 2.131194000000000000e+06 -1.739376000000000000e+06 4.118130000000000000e+05 -4.101440000000000000e+05 -2.594465000000000000e+06 -2.435588000000000000e+06 1.158182000000000000e+06 4.955990000000000000e+05
5.973880000000000000e+05 -1.381563000000000000e+06 -1.227018000000000000e+06 7.592898000000000000e+06 1.057761000000000000e+06 1.502476000000000000e+06 -3.233660000000000000e+05 1.273402000000000000e+06 -1.451670000000000000e+05 -1.012086000000000000e+06 -5.497140000000000000e+05 9.262700000000000000e+05 3.679200000000000000e+05 5.014630000000000000e+05 1.262786000000000000e+06 1.916354000000000000e+06 1.032114000000000000e+06 -3.516360000000000000e+05 2.998230000000000000e+05 -2.346270000000000000e+06
-5.127210000000000000e+05 1.628609000000000000e+06 1.294358000000000000e+06 1.057761000000000000e+06 7.784146000000000000e+06 -1.003559000000000000e+06 -1.707427000000000000e+06 -2.265589000000000000e+06 -1.909196000000000000e+06 1.031616000000000000e+06 2.623662000000000000e+06 -2.196690000000000000e+06 1.291976000000000000e+06 -2.464465000000000000e+06 -2.773630000000000000e+05 -6.068500000000000000e+05 1.904197000000000000e+06 -5.527650000000000000e+05 -1.968227000000000000e+06 1.452011000000000000e+06
4.572340000000000000e+05 2.811660000000000000e+05 2.157476000000000000e+06 1.502476000000000000e+06 -1.003559000000000000e+06 8.268265000000000000e+06 7.487820000000000000e+05 -6.098320000000000000e+05 -1.830916000000000000e+06 -1.905271000000000000e+06 5.952750000000000000e+05 -2.694472000000000000e+06 -5.853060000000000000e+05 9.024050000000000000e+05 -8.339980000000000000e+05 6.993500000000000000e+04 -3.745345000000000000e+06 -1.567062000000000000e+06 3.015413000000000000e+06 -2.415385000000000000e+06
-1.178310000000000000e+06 6.590130000000000000e+05 -2.500800000000000000e+05 -3.233660000000000000e+05 -1.707427000000000000e+06 7.487820000000000000e+05 9.101029000000000000e+06 2.274235000000000000e+06 2.153180000000000000e+05 -1.849510000000000000e+06 -1.597338000000000000e+06 1.414153000000000000e+06 -1.145148000000000000e+06 -3.338520000000000000e+05 -1.550827000000000000e+06 7.621820000000000000e+05 1.341836000000000000e+06 -1.002190000000000000e+06 -1.103178000000000000e+06 1.055751000000000000e+06
-1.933970000000000000e+05 -2.870211000000000000e+06 -5.184340000000000000e+05 1.273402000000000000e+06 -2.265589000000000000e+06 -6.098320000000000000e+05 2.274235000000000000e+06 6.753513000000000000e+06 3.006909000000000000e+06 -5.621410000000000000e+05 -1.964764000000000000e+06 1.135746000000000000e+06 4.849770000000000000e+05 1.667612000000000000e+06 -2.296270000000000000e+05 -9.175200000000000000e+04 -2.232500000000000000e+04 1.144446000000000000e+06 -8.532000000000000000e+03 9.202830000000000000e+05
2.657814000000000000e+06 4.230500000000000000e+04 -2.868600000000000000e+04 -1.451670000000000000e+05 -1.909196000000000000e+06 -1.830916000000000000e+06 2.153180000000000000e+05 3.006909000000000000e+06 6.782785000000000000e+06 7.326920000000000000e+05 1.007481000000000000e+06 -3.430020000000000000e+05 1.692466000000000000e+06 4.741340000000000000e+05 -4.875830000000000000e+05 -2.542154000000000000e+06 3.345980000000000000e+05 -3.248220000000000000e+05 7.202730000000000000e+05 8.638700000000000000e+05
1.910920000000000000e+06 -1.406222000000000000e+06 5.461140000000000000e+05 -1.012086000000000000e+06 1.031616000000000000e+06 -1.905271000000000000e+06 -1.849510000000000000e+06 -5.621410000000000000e+05 7.326920000000000000e+05 4.977331000000000000e+06 -2.172089000000000000e+06 1.640371000000000000e+06 6.689140000000000000e+05 -6.434370000000000000e+05 -3.420020000000000000e+05 -2.131523000000000000e+06 1.216357000000000000e+06 -2.316300000000000000e+04 4.511260000000000000e+05 4.462900000000000000e+05
9.456130000000000000e+05 2.894304000000000000e+06 1.572475000000000000e+06 -5.497140000000000000e+05 2.623662000000000000e+06 5.952750000000000000e+05 -1.597338000000000000e+06 -1.964764000000000000e+06 1.007481000000000000e+06 -2.172089000000000000e+06 7.898504000000000000e+06 -3.725463000000000000e+06 1.224703000000000000e+06 -1.324075000000000000e+06 -2.511960000000000000e+05 -2.001100000000000000e+05 -5.566840000000000000e+05 1.078033000000000000e+06 -6.707950000000000000e+05 -9.218980000000000000e+05
1.328351000000000000e+06 -2.471678000000000000e+06 -3.197714000000000000e+06 9.262700000000000000e+05 -2.196690000000000000e+06 -2.694472000000000000e+06 1.414153000000000000e+06 1.135746000000000000e+06 -3.430020000000000000e+05 1.640371000000000000e+06 -3.725463000000000000e+06 8.977509000000000000e+06 -2.178100000000000000e+06 -5.895530000000000000e+05 -1.019330000000000000e+06 2.040100000000000000e+06 2.628093000000000000e+06 3.803696000000000000e+06 -5.957460000000000000e+05 2.599442000000000000e+06
-1.993923000000000000e+06 -1.801375000000000000e+06 2.131194000000000000e+06 3.679200000000000000e+05 1.291976000000000000e+06 -5.853060000000000000e+05 -1.145148000000000000e+06 4.849770000000000000e+05 1.692466000000000000e+06 6.689140000000000000e+05 1.224703000000000000e+06 -2.178100000000000000e+06 5.510488000000000000e+06 -9.619360000000000000e+05 -6.376310000000000000e+05 -2.914860000000000000e+05 -7.214470000000000000e+05 -4.026475000000000000e+06 -6.770730000000000000e+05 6.839100000000000000e+04
1.437290000000000000e+05 -1.930750000000000000e+05 -1.739376000000000000e+06 5.014630000000000000e+05 -2.464465000000000000e+06 9.024050000000000000e+05 -3.338520000000000000e+05 1.667612000000000000e+06 4.741340000000000000e+05 -6.434370000000000000e+05 -1.324075000000000000e+06 -5.895530000000000000e+05 -9.619360000000000000e+05 6.802528000000000000e+06 5.041410000000000000e+05 1.941483000000000000e+06 -1.778304000000000000e+06 1.774973000000000000e+06 3.820250000000000000e+05 -2.644251000000000000e+06
1.255165000000000000e+06 -1.075652000000000000e+06 4.118130000000000000e+05 1.262786000000000000e+06 -2.773630000000000000e+05 -8.339980000000000000e+05 -1.550827000000000000e+06 -2.296270000000000000e+05 -4.875830000000000000e+05 -3.420020000000000000e+05 -2.511960000000000000e+05 -1.019330000000000000e+06 -6.376310000000000000e+05 5.041410000000000000e+05 4.639696000000000000e+06 9.504500000000000000e+05 -8.476540000000000000e+05 -3.964750000000000000e+05 1.236780000000000000e+06 -1.130690000000000000e+06
-9.423780000000000000e+05 -2.047102000000000000e+06 -4.101440000000000000e+05 1.916354000000000000e+06 -6.068500000000000000e+05 6.993500000000000000e+04 7.621820000000000000e+05 -9.175200000000000000e+04 -2.542154000000000000e+06 -2.131523000000000000e+06 -2.001100000000000000e+05 2.040100000000000000e+06 -2.914860000000000000e+05 1.941483000000000000e+06 9.504500000000000000e+05 6.943014000000000000e+06 -6.612080000000000000e+05 2.853247000000000000e+06 1.127565000000000000e+06 -4.485400000000000000e+05
1.550670000000000000e+06 2.944820000000000000e+05 -2.594465000000000000e+06 1.032114000000000000e+06 1.904197000000000000e+06 -3.745345000000000000e+06 1.341836000000000000e+06 -2.232500000000000000e+04 3.345980000000000000e+05 1.216357000000000000e+06 -5.566840000000000000e+05 2.628093000000000000e+06 -7.214470000000000000e+05 -1.778304000000000000e+06 -8.476540000000000000e+05 -6.612080000000000000e+05 5.787861000000000000e+06 1.233247000000000000e+06 -1.778867000000000000e+06 -4.233450000000000000e+05
2.800744000000000000e+06 1.223360000000000000e+05 -2.435588000000000000e+06 -3.516360000000000000e+05 -5.527650000000000000e+05 -1.567062000000000000e+06 -1.002190000000000000e+06 1.144446000000000000e+06 -3.248220000000000000e+05 -2.316300000000000000e+04 1.078033000000000000e+06 3.803696000000000000e+06 -4.026475000000000000e+06 1.774973000000000000e+06 -3.964750000000000000e+05 2.853247000000000000e+06 1.233247000000000000e+06 9.780379000000000000e+06 4.675100000000000000e+04 1.092059000000000000e+06
4.158866000000000000e+06 -2.511321000000000000e+06 1.158182000000000000e+06 2.998230000000000000e+05 -1.968227000000000000e+06 3.015413000000000000e+06 -1.103178000000000000e+06 -8.532000000000000000e+03 7.202730000000000000e+05 4.511260000000000000e+05 -6.707950000000000000e+05 -5.957460000000000000e+05 -6.770730000000000000e+05 3.820250000000000000e+05 1.236780000000000000e+06 1.127565000000000000e+06 -1.778867000000000000e+06 4.675100000000000000e+04 7.316088000000000000e+06 -1.889160000000000000e+06
-2.873201000000000000e+06 3.681700000000000000e+04 4.955990000000000000e+05 -2.346270000000000000e+06 1.452011000000000000e+06 -2.415385000000000000e+06 1.055751000000000000e+06 9.202830000000000000e+05 8.638700000000000000e+05 4.462900000000000000e+05 -9.218980000000000000e+05 2.599442000000000000e+06 6.839100000000000000e+04 -2.644251000000000000e+06 -1.130690000000000000e+06 -4.485400000000000000e+05 -4.233450000000000000e+05 1.092059000000000000e+06 -1.889160000000000000e+06 7.431877000000000000e+06
