6.002219000000000000e+06 8.792400000000000000e+04 -8.223650000000000000e+05 2.702426000000000000e+06 9.223460000000000000e+05 -9.891550000000000000e+05 4.701930000000000000e+05 6.151400000000000000e+05 -1.902130000000000000e+05 -8.706530000000000000e+05 4.519180000000000000e+05 -9.727240000000000000e+05 1.839921000000000000e+06 1.266176000000000000e+06 2.340431000000000000e+06 -1.439348000000000000e+06 3.281750000000000000e+05 7.576600000000000000e+04 -1.374593000000000000e+06 -1.103809000000000000e+06
8.792400000000000000e+04 6.805597000000000000e+06 -1.351353000000000000e+06 -7.778450000000000000e+05 1.213326000000000000e+06 -5.406600000000000000e+05 1.984779000000000000e+06 -3.333710000000000000e+05 3.723700000000000000e+05 -1.916832000000000000e+06 -2.334106000000000000e+06 -7.086650000000000000e+05 3.933500000000000000e+05 1.189362000000000000e+06 -2.208910000000000000e+06 1.207688000000000000e+06 6.614340000000000000e+05 2.566647000000000000e+06 1.332546000000000000e+06 -1.359701000000000000e+06
-8.223650000000000000e+05 -1.351353000000000000e+06 3.998400000000000000e+06 1.400151000000000000e+06 -2.207441000000000000e+06 -7.717900000000000000e+04 -1.548871000000000000e+06 -8.867350000000000000e+05 -2.618810000000000000e+05 5.856030000000000000e+05 -2.014507000000000000e+06 8.294560000000000000e+05 -1.326172000000000000e+06 1.680048000000000000e+06 1.122580000000000000e+06 1.377204000000000000e+06 -5.386590000000000000e+05 -1.881754000000000000e+06 -7.537840000000000000e+05 1.653600000000000000e+05
2.702426000000000000e+06 -7.778450000000000000e+05 1.400151000000000000e+06 6.193227000000000000e+06 8.134000000000000000e+05 -1.093039000000000000e+06 -1.726425000000000000e+06 4.782740000000000000e+05 -1.693441000000000000e+06 -2.148365000000000000e+06 -4.757840000000000000e+05 2.166030000000000000e+05 5.193150000000000000e+05 2.646986000000000000e+06 3.596587000000000000e+06 -3.986380000000000000e+05 1.087600000000000000e+06 -2.386055000000000000e+06 -9.512040000000000000e+05 -7.992570000000000000e+05
9.223460000000000000e+05 1.213326000000000000e+06 -2.207441000000000000e+06 8.134000000000000000e+05 8.065417000000000000e+06 -8.143900000000000000e+05 1.549797000000000000e+06 -1.535368000000000000e+06 1.382236000000000000e+06 5.243870000000000000e+05 1.867128000000000000e+06 2.204290000000000000e+05 -9.833510000000000000e+05 -1.683081000000000000e+06 1.235501000000000000e+06 -2.660000000000000000e+05 8.747550000000000000e+05 2.760404000000000000e+06 2.022195000000000000e+06 -1.639863000000000000e+06
-9.891550000000000000e+05 -5.406600000000000000e+05 -7.717900000000000000e+04 -1.093039000000000000e+06 -8.143900000000000000e+05 5.957698000000000000e+06 6.645400000000000000e+04 -2.586233000000000000e+06 -5.858280000000000000e+05 3.294388000000000000e+06 6.190610000000000000e+05 -3.123396000000000000e+06 -1.312535000000000000e+06 -8.413100000000000000e+05 -1.582684000000000000e+06 -4.404930000000000000e+05 1.090093000000000000e+06 -5.581200000000000000e+04 -5.511330000000000000e+05 -2.236685000000000000e+06
4.701930000000000000e+05 1.984779000000000000e+06 -1.548871000000000000e+06 -1.726425000000000000e+06 1.549797000000000000e+06 6.645400000000000000e+04 6.586717000000000000e+06 5.489430000000000000e+05 -1.014375000000000000e+06 1.232094000000000000e+06 1.131060000000000000e+06 -2.515904000000000000e+06 -1.616398000000000000e+06 1.695010000000000000e+05 -8.229470000000000000e+05 -1.138686000000000000e+06 1.455540000000000000e+05 2.838810000000000000e+05 -1.479320000000000000e+05 -9.819910000000000000e+05
6.151400000000000000e+05 -3.333710000000000000e+05 -8.867350000000000000e+05 4.782740000000000000e+05 -1.535368000000000000e+06 -2.586233000000000000e+06 5.489430000000000000e+05 6.168907000000000000e+06 4.653850000000000000e+05 -2.974513000000000000e+06 1.973064000000000000e+06 -2.101520000000000000e+05 2.336067000000000000e+06 1.049769000000000000e+06 4.997150000000000000e+05 -9.790080000000000000e+05 -5.203800000000000000e+04 -1.472303000000000000e+06 -1.177962000000000000e+06 1.899402000000000000e+06
-1.902130000000000000e+05 3.723700000000000000e+05 -2.618810000000000000e+05 -1.693441000000000000e+06 1.382236000000000000e+06 -5.858280000000000000e+05 -1.014375000000000000e+06 4.653850000000000000e+05 4.778960000000000000e+06 1.243884000000000000e+06 -1.212020000000000000e+05 1.358940000000000000e+06 1.843460000000000000e+05 -2.198430000000000000e+06 -3.704520000000000000e+05 -1.325482000000000000e+06 -1.149849000000000000e+06 2.270985000000000000e+06 2.321473000000000000e+06 -3.469440000000000000e+05
-8.706530000000000000e+05 -1.916832000000000000e+06 5.856030000000000000e+05 -2.148365000000000000e+06 5.243870000000000000e+05 3.294388000000000000e+06 1.232094000000000000e+06 -2.974513000000000000e+06 1.243884000000000000e+06 7.860955000000000000e+06 5.357280000000000000e+05 -1.324266000000000000e+06 -1.961597000000000000e+06 -3.012206000000000000e+06 -3.459730000000000000e+05 -1.354596000000000000e+06 1.024881000000000000e+06 -1.891760000000000000e+05 1.656359000000000000e+06 -2.165146000000000000e+06
4.519180000000000000e+05 -2.334106000000000000e+06 -2.014507000000000000e+06 -4.757840000000000000e+05 1.867128000000000000e+06 6.190610000000000000e+05 1.131060000000000000e+06 1.973064000000000000e+06 -1.212020000000000000e+05 5.357280000000000000e+05 8.915782000000000000e+06 -4.154400000000000000e+04 9.098700000000000000e+04 -1.723928000000000000e+06 3.623310000000000000e+05 -2.461215000000000000e+06 -5.963930000000000000e+05 1.336307000000000000e+06 -7.327540000000000000e+05 1.116667000000000000e+06
-9.727240000000000000e+05 -7.086650000000000000e+05 8.294560000000000000e+05 2.166030000000000000e+05 2.204290000000000000e+05 -3.123396000000000000e+06 -2.515904000000000000e+06 -2.101520000000000000e+05 1.358940000000000000e+06 -1.324266000000000000e+06 -4.154400000000000000e+04 5.661284000000000000e+06 3.495170000000000000e+05 1.594720000000000000e+05 1.645605000000000000e+06 -1.758345000000000000e+06 -1.663618000000000000e+06 3.185150000000000000e+05 2.379097000000000000e+06 2.787405000000000000e+06
1.839921000000000000e+06 3.933500000000000000e+05 -1.326172000000000000e+06 5.193150000000000000e+05 -9.833510000000000000e+05 -1.312535000000000000e+06 -1.616398000000000000e+06 2.336067000000000000e+06 1.843460000000000000e+05 -1.961597000000000000e+06 9.098700000000000000e+04 3.495170000000000000e+05 6.484039000000000000e+06 -1.064162000000000000e+06 1.140608000000000000e+06 -4.028380000000000000e+05 6.800790000000000000e+05 -1.149641000000000000e+06 1.316630000000000000e+05 -6.940700000000000000e+04
1.266176000000000000e+06 1.189362000000000000e+06 1.680048000000000000e+06 2.646986000000000000e+06 -1.683081000000000000e+06 -8.413100000000000000e+05 1.695010000000000000e+05 1.049769000000000000e+06 -2.198430000000000000e+06 -3.012206000000000000e+06 -1.723928000000000000e+06 1.594720000000000000e+05 -1.064162000000000000e+06 6.042977000000000000e+06 1.460508000000000000e+06 3.395160000000000000e+05 2.036189000000000000e+06 -1.401873000000000000e+06 -1.873093000000000000e+06 -5.047650000000000000e+05
2.340431000000000000e+06 -2.208910000000000000e+06 1.122580000000000000e+06 3.596587000000000000e+06 1.235501000000000000e+06 -1.582684000000000000e+06 -8.229470000000000000e+05 4.997150000000000000e+05 -3.704520000000000000e+05 -3.459730000000000000e+05 3.623310000000000000e+05 1.645605000000000000e+06 1.140608000000000000e+06 1.460508000000000000e+06 6.055814000000000000e+06 -1.000317000000000000e+06 1.450894000000000000e+06 -3.032694000000000000e+06 9.594200000000000000e+04 -2.680800000000000000e+04
-1.439348000000000000e+06 1.207688000000000000e+06 1.377204000000000000e+06 -3.986380000000000000e+05 -2.660000000000000000e+05 -4.404930000000000000e+05 -1.138686000000000000e+06 -9.790080000000000000e+05 -1.325482000000000000e+06 -1.354596000000000000e+06 -2.461215000000000000e+06 -1.758345000000000000e+06 -4.028380000000000000e+05 3.395160000000000000e+05 -1.000317000000000000e+06 6.677848000000000000e+06 8.881190000000000000e+05 5.026780000000000000e+05 -1.838929000000000000e+06 -5.053620000000000000e+05
3.281750000000000000e+05 6.614340000000000000e+05 -5.386590000000000000e+05 1.087600000000000000e+06 8.747550000000000000e+05 1.090093000000000000e+06 1.455540000000000000e+05 -5.203800000000000000e+04 -1.149849000000000000e+06 1.024881000000000000e+06 -5.963930000000000000e+05 -1.663618000000000000e+06 6.800790000000000000e+05 2.036189000000000000e+06 1.450894000000000000e+06 8.881190000000000000e+05 4.547788000000000000e+06 -1.130442000000000000e+06 -1.964030000000000000e+05 -2.832257000000000000e+06
7.576600000000000000e+04 2.566647000000000000e+06 -1.881754000000000000e+06 -2.386055000000000000e+06 2.760404000000000000e+06 -5.581200000000000000e+04 2.838810000000000000e+05 -1.472303000000000000e+06 2.270985000000000000e+06 -1.891760000000000000e+05 1.336307000000000000e+06 3.185150000000000000e+05 -1.149641000000000000e+06 -1.401873000000000000e+06 -3.032694000000000000e+06 5.026780000000000000e+05 -1.130442000000000000e+06 7.500951000000000000e+06 1.717752000000000000e+06 -1.435317000000000000e+06
-1.374593000000000000e+06 1.332546000000000000e+06 -7.537840000000000000e+05 -9.512040000000000000e+05 2.022195000000000000e+06 -5.511330000000000000e+05 -1.479320000000000000e+05 -1.177962000000000000e+06 2.321473000000000000e+06 1.656359000000000000e+06 -7.327540000000000000e+05 2.379097000000000000e+06 1.316630000000000000e+05 -1.873093000000000000e+06 9.594200000000000000e+04 -1.838929000000000000e+06 -1.964030000000000000e+05 1.717752000000000000e+06 4.415072000000000000e+06 -6.050330000000000000e+05
-1.103809000000000000e+06 -1.359701000000000000e+06 1.653600000000000000e+05 -7.992570000000000000e+05 -1.639863000000000000e+06 -2.236685000000000000e+06 -9.819910000000000000e+05 1.899402000000000000e+06 -3.469440000000000000e+05 -2.165146000000000000e+06 1.116667000000000000e+06 2.787405000000000000e+06 -6.940700000000000000e+04 -5.047650000000000000e+05 -2.680800000000000000e+04 -5.053620000000000000e+05 -2.832257000000000000e+06 -1.435317000000000000e+06 -6.050330000000000000e+05 5.315622000000000000e+06
