7.112959000000000000e+06 9.266000000000000000e+03 -8.625540000000000000e+05 -2.104206000000000000e+06 -2.118665000000000000e+06 -2.138914000000000000e+06 -1.691881000000000000e+06 1.470509000000000000e+06 1.882556000000000000e+06 2.422730000000000000e+05 6.359270000000000000e+05 5.349720000000000000e+05 -1.258373000000000000e+06 2.074311000000000000e+06 -2.269810000000000000e+06 -1.441376000000000000e+06 1.211370000000000000e+06 -1.427961000000000000e+06 -5.198350000000000000e+05 3.350490000000000000e+05
9.266000000000000000e+03 5.577312000000000000e+06 -1.740641000000000000e+06 6.954190000000000000e+05 -2.605730000000000000e+05 3.154990000000000000e+05 -6.016800000000000000e+05 3.190330000000000000e+05 -9.197450000000000000e+05 1.123560000000000000e+05 3.112473000000000000e+06 -3.110342000000000000e+06 2.222230000000000000e+05 9.475060000000000000e+05 -2.309070000000000000e+05 6.893520000000000000e+05 -1.543461000000000000e+06 -4.964260000000000000e+05 -7.446020000000000000e+05 1.230415000000000000e+06
-8.625540000000000000e+05 -1.740641000000000000e+06 6.914148000000000000e+06 3.001500000000000000e+04 -1.282554000000000000e+06 -1.072316000000000000e+06 1.151052000000000000e+06 -6.194640000000000000e+05 2.136179000000000000e+06 -1.937890000000000000e+05 -1.421351000000000000e+06 5.519210000000000000e+05 -1.867368000000000000e+06 -9.547590000000000000e+05 -1.114803000000000000e+06 -7.267280000000000000e+05 2.096751000000000000e+06 -5.607870000000000000e+05 4.280260000000000000e+05 8.565910000000000000e+05
-2.104206000000000000e+06 6.954190000000000000e+05 3.001500000000000000e+04 5.573517000000000000e+06 2.763810000000000000e+05 6.293000000000000000e+03 -1.745469000000000000e+06 -2.170577000000000000e+06 1.969821000000000000e+06 -4.499940000000000000e+05 9.487220000000000000e+05 -9.000810000000000000e+05 9.360800000000000000e+04 -2.641892000000000000e+06 5.207040000000000000e+05 2.023256000000000000e+06 -1.610849000000000000e+06 -3.625370000000000000e+05 -1.527221000000000000e+06 1.576750000000000000e+05
-2.118665000000000000e+06 -2.605730000000000000e+05 -1.282554000000000000e+06 2.763810000000000000e+05 8.331842000000000000e+06 1.413057000000000000e+06 5.947490000000000000e+05 4.776690000000000000e+05 -2.222482000000000000e+06 7.124090000000000000e+05 -6.421800000000000000e+04 -4.852830000000000000e+05 1.463300000000000000e+06 -1.704837000000000000e+06 1.969909000000000000e+06 3.944180000000000000e+05 -8.584430000000000000e+05 -2.049380000000000000e+05 -2.622929000000000000e+06 4.545250000000000000e+05
-2.138914000000000000e+06 3.154990000000000000e+05 -1.072316000000000000e+06 6.293000000000000000e+03 1.413057000000000000e+06 6.018545000000000000e+06 1.145082000000000000e+06 -5.091800000000000000e+04 -3.460406000000000000e+06 4.175890000000000000e+05 -2.047776000000000000e+06 -1.883400000000000000e+04 9.205000000000000000e+05 2.520830000000000000e+05 1.841651000000000000e+06 -7.513730000000000000e+05 3.855130000000000000e+05 5.135860000000000000e+05 -9.549680000000000000e+05 -3.157500000000000000e+05
-1.691881000000000000e+06 -6.016800000000000000e+05 1.151052000000000000e+06 -1.745469000000000000e+06 5.947490000000000000e+05 1.145082000000000000e+06 6.181566000000000000e+06 2.100309000000000000e+06 -1.033680000000000000e+06 4.268070000000000000e+05 -5.088640000000000000e+05 -1.015446000000000000e+06 -9.759000000000000000e+03 -8.198000000000000000e+03 1.241152000000000000e+06 -3.654800000000000000e+05 1.124009000000000000e+06 1.643705000000000000e+06 4.478800000000000000e+05 -5.639220000000000000e+05
1.470509000000000000e+06 3.190330000000000000e+05 -6.194640000000000000e+05 -2.170577000000000000e+06 4.776690000000000000e+05 -5.091800000000000000e+04 2.100309000000000000e+06 6.581368000000000000e+06 6.187800000000000000e+04 1.892554000000000000e+06 -4.532000000000000000e+03 -4.285800000000000000e+05 -9.080210000000000000e+05 1.978170000000000000e+06 -2.143079000000000000e+06 -2.620430000000000000e+05 1.836931000000000000e+06 -1.613246000000000000e+06 5.038150000000000000e+05 -2.088160000000000000e+05
1.882556000000000000e+06 -9.197450000000000000e+05 2.136179000000000000e+06 1.969821000000000000e+06 -2.222482000000000000e+06 -3.460406000000000000e+06 -1.033680000000000000e+06 6.187800000000000000e+04 6.238292000000000000e+06 -5.753180000000000000e+05 6.932800000000000000e+05 4.122360000000000000e+05 -1.795375000000000000e+06 -1.072268000000000000e+06 -2.326909000000000000e+06 1.391689000000000000e+06 -1.617288000000000000e+06 -1.419990000000000000e+05 -1.263188000000000000e+06 -1.018527000000000000e+06
2.422730000000000000e+05 1.123560000000000000e+05 -1.937890000000000000e+05 -4.499940000000000000e+05 7.124090000000000000e+05 4.175890000000000000e+05 4.268070000000000000e+05 1.892554000000000000e+06 -5.753180000000000000e+05 4.798319000000000000e+06 -1.377620000000000000e+06 -1.167889000000000000e+06 -1.279671000000000000e+06 2.415923000000000000e+06 -1.250024000000000000e+06 5.156830000000000000e+05 -1.653289000000000000e+06 7.001110000000000000e+05 -7.025550000000000000e+05 1.347495000000000000e+06
6.359270000000000000e+05 3.112473000000000000e+06 -1.421351000000000000e+06 9.487220000000000000e+05 -6.421800000000000000e+04 -2.047776000000000000e+06 -5.088640000000000000e+05 -4.532000000000000000e+03 6.932800000000000000e+05 -1.377620000000000000e+06 6.110764000000000000e+06 -1.103595000000000000e+06 9.508990000000000000e+05 -1.146623000000000000e+06 -1.216027000000000000e+06 1.247446000000000000e+06 -7.024610000000000000e+05 -1.316219000000000000e+06 1.861300000000000000e+04 5.469190000000000000e+05
5.349720000000000000e+05 -3.110342000000000000e+06 5.519210000000000000e+05 -9.000810000000000000e+05 -4.852830000000000000e+05 -1.883400000000000000e+04 -1.015446000000000000e+06 -4.285800000000000000e+05 4.122360000000000000e+05 -1.167889000000000000e+06 -1.103595000000000000e+06 5.023320000000000000e+06 -1.209514000000000000e+06 -1.778053000000000000e+06 -1.111575000000000000e+06 -1.300799000000000000e+06 1.649441000000000000e+06 8.781400000000000000e+04 2.484196000000000000e+06 -1.368280000000000000e+06
-1.258373000000000000e+06 2.222230000000000000e+05 -1.867368000000000000e+06 9.360800000000000000e+04 1.463300000000000000e+06 9.205000000000000000e+05 -9.759000000000000000e+03 -9.080210000000000000e+05 -1.795375000000000000e+06 -1.279671000000000000e+06 9.508990000000000000e+05 -1.209514000000000000e+06 5.066431000000000000e+06 -2.597000000000000000e+05 5.522940000000000000e+05 8.130800000000000000e+04 2.011680000000000000e+05 -1.281264000000000000e+06 -5.989840000000000000e+05 4.681460000000000000e+05
2.074311000000000000e+06 9.475060000000000000e+05 -9.547590000000000000e+05 -2.641892000000000000e+06 -1.704837000000000000e+06 2.520830000000000000e+05 -8.198000000000000000e+03 1.978170000000000000e+06 -1.072268000000000000e+06 2.415923000000000000e+06 -1.146623000000000000e+06 -1.778053000000000000e+06 -2.597000000000000000e+05 6.886071000000000000e+06 -1.886623000000000000e+06 -2.324170000000000000e+06 5.006320000000000000e+05 1.584740000000000000e+05 -1.219230000000000000e+06 2.145281000000000000e+06
-2.269810000000000000e+06 -2.309070000000000000e+05 -1.114803000000000000e+06 5.207040000000000000e+05 1.969909000000000000e+06 1.841651000000000000e+06 1.241152000000000000e+06 -2.143079000000000000e+06 -2.326909000000000000e+06 -1.250024000000000000e+06 -1.216027000000000000e+06 -1.111575000000000000e+06 5.522940000000000000e+05 -1.886623000000000000e+06 7.227120000000000000e+06 -3.773380000000000000e+05 1.019487000000000000e+06 1.638862000000000000e+06 -1.695682000000000000e+06 -4.234540000000000000e+05
-1.441376000000000000e+06 6.893520000000000000e+05 -7.267280000000000000e+05 2.023256000000000000e+06 3.944180000000000000e+05 -7.513730000000000000e+05 -3.654800000000000000e+05 -2.620430000000000000e+05 1.391689000000000000e+06 5.156830000000000000e+05 1.247446000000000000e+06 -1.300799000000000000e+06 8.130800000000000000e+04 -2.324170000000000000e+06 -3.773380000000000000e+05 5.757689000000000000e+06 -4.159656000000000000e+06 9.827500000000000000e+04 -6.459910000000000000e+05 -3.220570000000000000e+05
1.211370000000000000e+06 -1.543461000000000000e+06 2.096751000000000000e+06 -1.610849000000000000e+06 -8.584430000000000000e+05 3.855130000000000000e+05 1.124009000000000000e+06 1.836931000000000000e+06 -1.617288000000000000e+06 -1.653289000000000000e+06 -7.024610000000000000e+05 1.649441000000000000e+06 2.011680000000000000e+05 5.006320000000000000e+05 1.019487000000000000e+06 -4.159656000000000000e+06 7.115617000000000000e+06 -2.532331000000000000e+06 1.367787000000000000e+06 9.391880000000000000e+05
-1.427961000000000000e+06 -4.964260000000000000e+05 -5.607870000000000000e+05 -3.625370000000000000e+05 -2.049380000000000000e+05 5.135860000000000000e+05 1.643705000000000000e+06 -1.613246000000000000e+06 -1.419990000000000000e+05 7.001110000000000000e+05 -1.316219000000000000e+06 8.781400000000000000e+04 -1.281264000000000000e+06 1.584740000000000000e+05 1.638862000000000000e+06 9.827500000000000000e+04 -2.532331000000000000e+06 6.387368000000000000e+06 -2.602520000000000000e+05 -3.656695000000000000e+06
-5.198350000000000000e+05 -7.446020000000000000e+05 4.280260000000000000e+05 -1.527221000000000000e+06 -2.622929000000000000e+06 -9.549680000000000000e+05 4.478800000000000000e+05 5.038150000000000000e+05 -1.263188000000000000e+06 -7.025550000000000000e+05 1.861300000000000000e+04 2.484196000000000000e+06 -5.989840000000000000e+05 -1.219230000000000000e+06 -1.695682000000000000e+06 -6.459910000000000000e+05 1.367787000000000000e+06 -2.602520000000000000e+05 7.678672000000000000e+06 -1.855339000000000000e+06
3.350490000000000000e+05 1.230415000000000000e+06 8.565910000000000000e+05 1.576750000000000000e+05 4.545250000000000000e+05 -3.157500000000000000e+05 -5.639220000000000000e+05 -2.088160000000000000e+05 -1.018527000000000000e+06 1.347495000000000000e+06 5.469190000000000000e+05 -1.368280000000000000e+06 4.681460000000000000e+05 2.145281000000000000e+06 -4.234540000000000000e+05 -3.220570000000000000e+05 9.391880000000000000e+05 -3.656695000000000000e+06 -1.855339000000000000e+06 5.947215000000000000e+06
