6.750863000000000000e+06 1.501704000000000000e+06 -4.055360000000000000e+05 2.051455000000000000e+06 9.455710000000000000e+05 1.602348000000000000e+06 -1.028006000000000000e+06 -1.981251000000000000e+06 2.047252000000000000e+06 -1.967064000000000000e+06 1.963735000000000000e+06 -2.284276000000000000e+06 1.924180000000000000e+05 -8.461930000000000000e+05 8.754650000000000000e+05 -1.377921000000000000e+06 4.445290000000000000e+05 -5.707070000000000000e+05 1.281130000000000000e+06 5.325230000000000000e+05
1.501704000000000000e+06 5.941604000000000000e+06 2.435075000000000000e+06 -1.601625000000000000e+06 -7.836550000000000000e+05 -1.752100000000000000e+05 -2.640850000000000000e+05 -1.122690000000000000e+05 1.625011000000000000e+06 -3.992700000000000000e+04 2.946147000000000000e+06 -7.870960000000000000e+05 2.117915000000000000e+06 7.218030000000000000e+05 9.038590000000000000e+05 7.284590000000000000e+05 -1.045766000000000000e+06 -2.472010000000000000e+05 -2.346046000000000000e+06 -1.812099000000000000e+06
-4.055360000000000000e+05 2.435075000000000000e+06 7.532798000000000000e+06 -6.308350000000000000e+05 1.446610000000000000e+05 -2.119066000000000000e+06 1.138388000000000000e+06 3.758070000000000000e+05 -7.132030000000000000e+05 1.937725000000000000e+06 -4.790980000000000000e+05 -1.201277000000000000e+06 1.239749000000000000e+06 9.716450000000000000e+05 1.157239000000000000e+06 3.825450000000000000e+05 -1.383028000000000000e+06 2.021488000000000000e+06 -1.764389000000000000e+06 -6.922770000000000000e+05
2.051455000000000000e+06 -1.601625000000000000e+06 -6.308350000000000000e+05 7.268595000000000000e+06 -1.699650000000000000e+05 -6.228800000000000000e+04 -9.831230000000000000e+05 1.946238000000000000e+06 5.191010000000000000e+05 -9.063710000000000000e+05 -3.635240000000000000e+05 -1.062929000000000000e+06 -1.801684000000000000e+06 -6.181250000000000000e+05 -2.439855000000000000e+06 -8.480280000000000000e+05 -6.416130000000000000e+05 3.267520000000000000e+05 -3.380490000000000000e+05 4.150420000000000000e+05
9.455710000000000000e+05 -7.836550000000000000e+05 1.446610000000000000e+05 -1.699650000000000000e+05 5.857437000000000000e+06 -1.016755000000000000e+06 -6.403340000000000000e+05 8.026090000000000000e+05 2.181844000000000000e+06 -1.787021000000000000e+06 -1.945342000000000000e+06 -2.266830000000000000e+06 5.606620000000000000e+05 -1.302092000000000000e+06 -1.612516000000000000e+06 -3.630950000000000000e+06 -2.746880000000000000e+05 7.653000000000000000e+05 1.536360000000000000e+05 -1.128540000000000000e+06
1.602348000000000000e+06 -1.752100000000000000e+05 -2.119066000000000000e+06 -6.228800000000000000e+04 -1.016755000000000000e+06 6.981463000000000000e+06 -2.798313000000000000e+06 3.872600000000000000e+05 -3.767410000000000000e+05 -1.987638000000000000e+06 1.389612000000000000e+06 -4.459550000000000000e+05 -2.904873000000000000e+06 -4.514800000000000000e+04 1.362857000000000000e+06 -1.918161000000000000e+06 7.417100000000000000e+04 -1.260320000000000000e+05 -1.221368000000000000e+06 1.251452000000000000e+06
-1.028006000000000000e+06 -2.640850000000000000e+05 1.138388000000000000e+06 -9.831230000000000000e+05 -6.403340000000000000e+05 -2.798313000000000000e+06 5.031462000000000000e+06 -1.594672000000000000e+06 -1.802072000000000000e+06 1.767393000000000000e+06 8.339980000000000000e+05 2.366421000000000000e+06 2.221723000000000000e+06 -1.803310000000000000e+05 5.590990000000000000e+05 2.289607000000000000e+06 3.844780000000000000e+05 1.083644000000000000e+06 1.592124000000000000e+06 1.802035000000000000e+06
-1.981251000000000000e+06 -1.122690000000000000e+05 3.758070000000000000e+05 1.946238000000000000e+06 8.026090000000000000e+05 3.872600000000000000e+05 -1.594672000000000000e+06 7.081848000000000000e+06 -1.986154000000000000e+06 1.024807000000000000e+06 -1.965861000000000000e+06 -1.786071000000000000e+06 -2.516748000000000000e+06 -1.461010000000000000e+06 -3.974946000000000000e+06 -4.551960000000000000e+05 -4.394115000000000000e+06 -1.412684000000000000e+06 -1.458138000000000000e+06 -1.437257000000000000e+06
2.047252000000000000e+06 1.625011000000000000e+06 -7.132030000000000000e+05 5.191010000000000000e+05 2.181844000000000000e+06 -3.767410000000000000e+05 -1.802072000000000000e+06 -1.986154000000000000e+06 6.540962000000000000e+06 -2.427555000000000000e+06 -6.668850000000000000e+05 -6.744970000000000000e+05 2.347418000000000000e+06 5.640320000000000000e+05 -1.194074000000000000e+06 -2.277404000000000000e+06 9.713550000000000000e+05 4.417440000000000000e+05 1.490300000000000000e+04 -2.212038000000000000e+06
-1.967064000000000000e+06 -3.992700000000000000e+04 1.937725000000000000e+06 -9.063710000000000000e+05 -1.787021000000000000e+06 -1.987638000000000000e+06 1.767393000000000000e+06 1.024807000000000000e+06 -2.427555000000000000e+06 6.000365000000000000e+06 -3.439550000000000000e+05 3.968360000000000000e+05 -2.312250000000000000e+05 1.127540000000000000e+05 -1.401969000000000000e+06 2.409352000000000000e+06 -8.925620000000000000e+05 -4.467040000000000000e+05 -6.101560000000000000e+05 1.207667000000000000e+06
1.963735000000000000e+06 2.946147000000000000e+06 -4.790980000000000000e+05 -3.635240000000000000e+05 -1.945342000000000000e+06 1.389612000000000000e+06 8.339980000000000000e+05 -1.965861000000000000e+06 -6.668850000000000000e+05 -3.439550000000000000e+05 5.900770000000000000e+06 4.843030000000000000e+05 1.548926000000000000e+06 1.665259000000000000e+06 2.349328000000000000e+06 1.740994000000000000e+06 1.046698000000000000e+06 -4.664300000000000000e+04 -4.755460000000000000e+05 6.090110000000000000e+05
-2.284276000000000000e+06 -7.870960000000000000e+05 -1.201277000000000000e+06 -1.062929000000000000e+06 -2.266830000000000000e+06 -4.459550000000000000e+05 2.366421000000000000e+06 -1.786071000000000000e+06 -6.744970000000000000e+05 3.968360000000000000e+05 4.843030000000000000e+05 6.362590000000000000e+06 5.173280000000000000e+05 1.145537000000000000e+06 -1.416290000000000000e+05 7.584800000000000000e+04 -2.119060000000000000e+05 8.458470000000000000e+05 1.079298000000000000e+06 -1.164850000000000000e+05
1.924180000000000000e+05 2.117915000000000000e+06 1.239749000000000000e+06 -1.801684000000000000e+06 5.606620000000000000e+05 -2.904873000000000000e+06 2.221723000000000000e+06 -2.516748000000000000e+06 2.347418000000000000e+06 -2.312250000000000000e+05 1.548926000000000000e+06 5.173280000000000000e+05 5.089683000000000000e+06 1.144890000000000000e+06 1.297598000000000000e+06 2.493753000000000000e+06 8.330100000000000000e+05 4.491600000000000000e+04 5.819790000000000000e+05 -7.978420000000000000e+05
-8.461930000000000000e+05 7.218030000000000000e+05 9.716450000000000000e+05 -6.181250000000000000e+05 -1.302092000000000000e+06 -4.514800000000000000e+04 -1.803310000000000000e+05 -1.461010000000000000e+06 5.640320000000000000e+05 1.127540000000000000e+05 1.665259000000000000e+06 1.145537000000000000e+06 1.144890000000000000e+06 6.215279000000000000e+06 9.157920000000000000e+05 1.167003000000000000e+06 -1.686024000000000000e+06 -8.825340000000000000e+05 1.941642000000000000e+06 -8.226400000000000000e+04
8.754650000000000000e+05 9.038590000000000000e+05 1.157239000000000000e+06 -2.439855000000000000e+06 -1.612516000000000000e+06 1.362857000000000000e+06 5.590990000000000000e+05 -3.974946000000000000e+06 -1.194074000000000000e+06 -1.401969000000000000e+06 2.349328000000000000e+06 -1.416290000000000000e+05 1.297598000000000000e+06 9.157920000000000000e+05 7.159495000000000000e+06 2.101322000000000000e+06 3.379813000000000000e+06 8.514360000000000000e+05 -6.409210000000000000e+05 1.182841000000000000e+06
-1.377921000000000000e+06 7.284590000000000000e+05 3.825450000000000000e+05 -8.480280000000000000e+05 -3.630950000000000000e+06 -1.918161000000000000e+06 2.289607000000000000e+06 -4.551960000000000000e+05 -2.277404000000000000e+06 2.409352000000000000e+06 1.740994000000000000e+06 7.584800000000000000e+04 2.493753000000000000e+06 1.167003000000000000e+06 2.101322000000000000e+06 7.489946000000000000e+06 -9.533210000000000000e+05 -2.272971000000000000e+06 9.268320000000000000e+05 8.763260000000000000e+05
4.445290000000000000e+05 -1.045766000000000000e+06 -1.383028000000000000e+06 -6.416130000000000000e+05 -2.746880000000000000e+05 7.417100000000000000e+04 3.844780000000000000e+05 -4.394115000000000000e+06 9.713550000000000000e+05 -8.925620000000000000e+05 1.046698000000000000e+06 -2.119060000000000000e+05 8.330100000000000000e+05 -1.686024000000000000e+06 3.379813000000000000e+06 -9.533210000000000000e+05 7.289050000000000000e+06 2.178429000000000000e+06 -9.458560000000000000e+05 1.784592000000000000e+06
-5.707070000000000000e+05 -2.472010000000000000e+05 2.021488000000000000e+06 3.267520000000000000e+05 7.653000000000000000e+05 -1.260320000000000000e+05 1.083644000000000000e+06 -1.412684000000000000e+06 4.417440000000000000e+05 -4.467040000000000000e+05 -4.664300000000000000e+04 8.458470000000000000e+05 4.491600000000000000e+04 -8.825340000000000000e+05 8.514360000000000000e+05 -2.272971000000000000e+06 2.178429000000000000e+06 3.494467000000000000e+06 -1.824782000000000000e+06 2.012800000000000000e+04
1.281130000000000000e+06 -2.346046000000000000e+06 -1.764389000000000000e+06 -3.380490000000000000e+05 1.536360000000000000e+05 -1.221368000000000000e+06 1.592124000000000000e+06 -1.458138000000000000e+06 1.490300000000000000e+04 -6.101560000000000000e+05 -4.755460000000000000e+05 1.079298000000000000e+06 5.819790000000000000e+05 1.941642000000000000e+06 -6.409210000000000000e+05 9.268320000000000000e+05 -9.458560000000000000e+05 -1.824782000000000000e+06 6.315636000000000000e+06 1.190562000000000000e+06
5.325230000000000000e+05 -1.812099000000000000e+06 -6.922770000000000000e+05 4.150420000000000000e+05 -1.128540000000000000e+06 1.251452000000000000e+06 1.802035000000000000e+06 -1.437257000000000000e+06 -2.212038000000000000e+06 1.207667000000000000e+06 6.090110000000000000e+05 -1.164850000000000000e+05 -7.978420000000000000e+05 -8.226400000000000000e+04 1.182841000000000000e+06 8.763260000000000000e+05 1.784592000000000000e+06 2.012800000000000000e+04 1.190562000000000000e+06 7.267253000000000000e+06
