5.867384000000000000e+06 -4.395390000000000000e+05 -6.180940000000000000e+05 5.493070000000000000e+05 1.542419000000000000e+06 1.463179000000000000e+06 -9.384860000000000000e+05 -6.606000000000000000e+04 1.948712000000000000e+06 2.818750000000000000e+06 -9.305370000000000000e+05 -1.735067000000000000e+06 -1.357508000000000000e+06 -4.767880000000000000e+05 -3.540340000000000000e+05 1.043109000000000000e+06 3.119653000000000000e+06 1.319949000000000000e+06 -2.715497000000000000e+06 -1.527049000000000000e+06
-4.395390000000000000e+05 7.331253000000000000e+06 1.258793000000000000e+06 -2.143020000000000000e+05 -2.670919000000000000e+06 1.388212000000000000e+06 4.718550000000000000e+05 2.395728000000000000e+06 8.978160000000000000e+05 5.558170000000000000e+05 -3.497134000000000000e+06 2.803115000000000000e+06 -5.192930000000000000e+05 -5.022810000000000000e+05 1.413236000000000000e+06 -1.917747000000000000e+06 -7.357360000000000000e+05 1.523056000000000000e+06 3.293372000000000000e+06 -1.549686000000000000e+06
-6.180940000000000000e+05 1.258793000000000000e+06 6.159168000000000000e+06 2.358075000000000000e+06 -1.346527000000000000e+06 -4.673510000000000000e+05 1.667295000000000000e+06 -8.740960000000000000e+05 -7.049330000000000000e+05 -1.178373000000000000e+06 -2.107920000000000000e+05 2.444863000000000000e+06 -6.897300000000000000e+04 5.080600000000000000e+04 2.797510000000000000e+05 -2.751059000000000000e+06 -2.767430000000000000e+05 1.434662000000000000e+06 -6.780100000000000000e+05 1.197020000000000000e+05
5.493070000000000000e+05 -2.143020000000000000e+05 2.358075000000000000e+06 8.014884000000000000e+06 -5.238050000000000000e+05 1.316982000000000000e+06 -9.385660000000000000e+05 8.408100000000000000e+05 -6.170990000000000000e+05 1.316600000000000000e+05 8.003380000000000000e+05 1.195028000000000000e+06 6.485150000000000000e+05 1.986324000000000000e+06 2.376450000000000000e+05 -2.316340000000000000e+06 -1.677942000000000000e+06 2.201792000000000000e+06 -4.095351000000000000e+06 -3.194624000000000000e+06
1.542419000000000000e+06 -2.670919000000000000e+06 -1.346527000000000000e+06 -5.238050000000000000e+05 7.022794000000000000e+06 -7.186100000000000000e+04 -3.255746000000000000e+06 -5.408970000000000000e+05 -1.096521000000000000e+06 9.112690000000000000e+05 2.505590000000000000e+05 -3.338717000000000000e+06 7.958400000000000000e+04 1.343248000000000000e+06 -1.905227000000000000e+06 1.431710000000000000e+05 8.841760000000000000e+05 -6.895000000000000000e+05 -6.350080000000000000e+05 -1.075562000000000000e+06
1.463179000000000000e+06 1.388212000000000000e+06 -4.673510000000000000e+05 1.316982000000000000e+06 -7.186100000000000000e+04 4.662824000000000000e+06 -1.856459000000000000e+06 -4.842000000000000000e+03 2.642369000000000000e+06 6.845920000000000000e+05 -1.013533000000000000e+06 2.943980000000000000e+05 -2.128810000000000000e+05 7.592080000000000000e+05 -2.551850000000000000e+05 7.221950000000000000e+05 -3.882000000000000000e+04 1.191697000000000000e+06 1.868740000000000000e+05 -1.023586000000000000e+06
-9.384860000000000000e+05 4.718550000000000000e+05 1.667295000000000000e+06 -9.385660000000000000e+05 -3.255746000000000000e+06 -1.856459000000000000e+06 7.642376000000000000e+06 -2.462278000000000000e+06 -5.173660000000000000e+05 -1.399522000000000000e+06 1.401837000000000000e+06 -5.076080000000000000e+05 -1.467887000000000000e+06 -3.564289000000000000e+06 2.638480000000000000e+05 -2.057560000000000000e+05 -2.093065000000000000e+06 3.720920000000000000e+05 5.214210000000000000e+05 -2.189070000000000000e+05
-6.606000000000000000e+04 2.395728000000000000e+06 -8.740960000000000000e+05 8.408100000000000000e+05 -5.408970000000000000e+05 -4.842000000000000000e+03 -2.462278000000000000e+06 9.166225000000000000e+06 6.059970000000000000e+05 7.384500000000000000e+05 -1.141939000000000000e+06 3.104039000000000000e+06 -6.158740000000000000e+05 2.311669000000000000e+06 -2.529270000000000000e+05 3.490920000000000000e+05 1.840153000000000000e+06 5.427220000000000000e+05 1.153133000000000000e+06 7.047510000000000000e+05
1.948712000000000000e+06 8.978160000000000000e+05 -7.049330000000000000e+05 -6.170990000000000000e+05 -1.096521000000000000e+06 2.642369000000000000e+06 -5.173660000000000000e+05 6.059970000000000000e+05 5.138226000000000000e+06 1.153438000000000000e+06 6.582880000000000000e+05 1.074001000000000000e+06 -2.137470000000000000e+05 -1.301119000000000000e+06 -4.487580000000000000e+05 2.364530000000000000e+06 1.330778000000000000e+06 -1.285065000000000000e+06 -2.072640000000000000e+05 1.008660000000000000e+05
2.818750000000000000e+06 5.558170000000000000e+05 -1.178373000000000000e+06 1.316600000000000000e+05 9.112690000000000000e+05 6.845920000000000000e+05 -1.399522000000000000e+06 7.384500000000000000e+05 1.153438000000000000e+06 5.016939000000000000e+06 -1.470437000000000000e+06 1.125684000000000000e+06 -4.856810000000000000e+05 -1.332620000000000000e+06 -2.174193000000000000e+06 -5.219950000000000000e+05 1.769764000000000000e+06 -1.107312000000000000e+06 -2.759400000000000000e+05 -2.481055000000000000e+06
-9.305370000000000000e+05 -3.497134000000000000e+06 -2.107920000000000000e+05 8.003380000000000000e+05 2.505590000000000000e+05 -1.013533000000000000e+06 1.401837000000000000e+06 -1.141939000000000000e+06 6.582880000000000000e+05 -1.470437000000000000e+06 4.241564000000000000e+06 -9.402410000000000000e+05 -2.627350000000000000e+05 -8.509600000000000000e+05 3.584340000000000000e+05 2.079087000000000000e+06 -1.120646000000000000e+06 -1.779086000000000000e+06 -1.712089000000000000e+06 6.594320000000000000e+05
-1.735067000000000000e+06 2.803115000000000000e+06 2.444863000000000000e+06 1.195028000000000000e+06 -3.338717000000000000e+06 2.943980000000000000e+05 -5.076080000000000000e+05 3.104039000000000000e+06 1.074001000000000000e+06 1.125684000000000000e+06 -9.402410000000000000e+05 6.037406000000000000e+06 2.290660000000000000e+05 3.010730000000000000e+05 -9.308460000000000000e+05 -1.076991000000000000e+06 2.789150000000000000e+05 5.380350000000000000e+05 7.419160000000000000e+05 3.994510000000000000e+05
-1.357508000000000000e+06 -5.192930000000000000e+05 -6.897300000000000000e+04 6.485150000000000000e+05 7.958400000000000000e+04 -2.128810000000000000e+05 -1.467887000000000000e+06 -6.158740000000000000e+05 -2.137470000000000000e+05 -4.856810000000000000e+05 -2.627350000000000000e+05 2.290660000000000000e+05 5.310229000000000000e+06 8.226130000000000000e+05 -5.903420000000000000e+05 -3.392413000000000000e+06 1.534103000000000000e+06 2.552560000000000000e+05 -9.262440000000000000e+05 -1.283821000000000000e+06
-4.767880000000000000e+05 -5.022810000000000000e+05 5.080600000000000000e+04 1.986324000000000000e+06 1.343248000000000000e+06 7.592080000000000000e+05 -3.564289000000000000e+06 2.311669000000000000e+06 -1.301119000000000000e+06 -1.332620000000000000e+06 -8.509600000000000000e+05 3.010730000000000000e+05 8.226130000000000000e+05 4.342263000000000000e+06 3.598040000000000000e+05 -4.616390000000000000e+05 1.211527000000000000e+06 2.292507000000000000e+06 -1.531460000000000000e+06 3.933250000000000000e+05
-3.540340000000000000e+05 1.413236000000000000e+06 2.797510000000000000e+05 2.376450000000000000e+05 -1.905227000000000000e+06 -2.551850000000000000e+05 2.638480000000000000e+05 -2.529270000000000000e+05 -4.487580000000000000e+05 -2.174193000000000000e+06 3.584340000000000000e+05 -9.308460000000000000e+05 -5.903420000000000000e+05 3.598040000000000000e+05 5.092043000000000000e+06 5.348930000000000000e+05 -1.388377000000000000e+06 1.036855000000000000e+06 -1.553480000000000000e+05 -8.734300000000000000e+04
1.043109000000000000e+06 -1.917747000000000000e+06 -2.751059000000000000e+06 -2.316340000000000000e+06 1.431710000000000000e+05 7.221950000000000000e+05 -2.057560000000000000e+05 3.490920000000000000e+05 2.364530000000000000e+06 -5.219950000000000000e+05 2.079087000000000000e+06 -1.076991000000000000e+06 -3.392413000000000000e+06 -4.616390000000000000e+05 5.348930000000000000e+05 7.167538000000000000e+06 6.519850000000000000e+05 -1.096257000000000000e+06 7.070340000000000000e+05 2.506841000000000000e+06
3.119653000000000000e+06 -7.357360000000000000e+05 -2.767430000000000000e+05 -1.677942000000000000e+06 8.841760000000000000e+05 -3.882000000000000000e+04 -2.093065000000000000e+06 1.840153000000000000e+06 1.330778000000000000e+06 1.769764000000000000e+06 -1.120646000000000000e+06 2.789150000000000000e+05 1.534103000000000000e+06 1.211527000000000000e+06 -1.388377000000000000e+06 6.519850000000000000e+05 6.630306000000000000e+06 1.121447000000000000e+06 -1.552187000000000000e+06 1.403170000000000000e+05
1.319949000000000000e+06 1.523056000000000000e+06 1.434662000000000000e+06 2.201792000000000000e+06 -6.895000000000000000e+05 1.191697000000000000e+06 3.720920000000000000e+05 5.427220000000000000e+05 -1.285065000000000000e+06 -1.107312000000000000e+06 -1.779086000000000000e+06 5.380350000000000000e+05 2.552560000000000000e+05 2.292507000000000000e+06 1.036855000000000000e+06 -1.096257000000000000e+06 1.121447000000000000e+06 6.981166000000000000e+06 -2.427596000000000000e+06 -1.703458000000000000e+06
-2.715497000000000000e+06 3.293372000000000000e+06 -6.780100000000000000e+05 -4.095351000000000000e+06 -6.350080000000000000e+05 1.868740000000000000e+05 5.214210000000000000e+05 1.153133000000000000e+06 -2.072640000000000000e+05 -2.759400000000000000e+05 -1.712089000000000000e+06 7.419160000000000000e+05 -9.262440000000000000e+05 -1.531460000000000000e+06 -1.553480000000000000e+05 7.070340000000000000e+05 -1.552187000000000000e+06 -2.427596000000000000e+06 7.642041000000000000e+06 1.849055000000000000e+06
-1.527049000000000000e+06 -1.549686000000000000e+06 1.197020000000000000e+05 -3.194624000000000000e+06 -1.075562000000000000e+06 -1.023586000000000000e+06 -2.189070000000000000e+05 7.047510000000000000e+05 1.008660000000000000e+05 -2.481055000000000000e+06 6.594320000000000000e+05 3.994510000000000000e+05 -1.283821000000000000e+06 3.933250000000000000e+05 -8.734300000000000000e+04 2.506841000000000000e+06 1.403170000000000000e+05 -1.703458000000000000e+06 1.849055000000000000e+06 5.955669000000000000e+06
