5.098432000000000000e+06 -7.889340000000000000e+05 3.570520000000000000e+05 -1.093427000000000000e+06 -1.044581000000000000e+06 1.503788000000000000e+06 1.528015000000000000e+06 -1.545563000000000000e+06 -1.422992000000000000e+06 -1.758937000000000000e+06 -1.086075000000000000e+06 -2.505100000000000000e+05 -1.312342000000000000e+06 1.102357000000000000e+06 7.947170000000000000e+05 8.300220000000000000e+05 -1.053032000000000000e+06 2.080332000000000000e+06 2.417126000000000000e+06 2.251691000000000000e+06
-7.889340000000000000e+05 8.073751000000000000e+06 6.540800000000000000e+04 -9.021590000000000000e+05 3.564150000000000000e+05 -9.919930000000000000e+05 -2.201716000000000000e+06 -3.841880000000000000e+05 -8.182610000000000000e+05 -1.348215000000000000e+06 6.035900000000000000e+04 -1.904421000000000000e+06 4.358425000000000000e+06 5.852700000000000000e+04 2.226053000000000000e+06 -1.327963000000000000e+06 -2.999443000000000000e+06 2.193486000000000000e+06 3.439058000000000000e+06 4.047390000000000000e+05
3.570520000000000000e+05 6.540800000000000000e+04 9.701324000000000000e+06 1.302144000000000000e+06 2.057698000000000000e+06 1.219822000000000000e+06 9.699340000000000000e+05 -1.518175000000000000e+06 4.647870000000000000e+05 -3.096622000000000000e+06 -2.162960000000000000e+05 -3.335504000000000000e+06 -1.162990000000000000e+06 4.141818000000000000e+06 4.803230000000000000e+05 6.787300000000000000e+04 -1.121930000000000000e+05 -1.410375000000000000e+06 -7.204700000000000000e+04 -4.684800000000000000e+04
-1.093427000000000000e+06 -9.021590000000000000e+05 1.302144000000000000e+06 7.082868000000000000e+06 4.210131000000000000e+06 -1.661608000000000000e+06 -1.620175000000000000e+06 -1.420403000000000000e+06 -8.821900000000000000e+05 1.611830000000000000e+05 1.943253000000000000e+06 -1.706060000000000000e+05 3.886330000000000000e+05 -2.160669000000000000e+06 -6.460100000000000000e+05 5.123970000000000000e+05 1.831467000000000000e+06 -6.857450000000000000e+05 -3.533970000000000000e+06 2.193030000000000000e+05
-1.044581000000000000e+06 3.564150000000000000e+05 2.057698000000000000e+06 4.210131000000000000e+06 8.657497000000000000e+06 -1.109752000000000000e+06 -7.996920000000000000e+05 -2.834387000000000000e+06 -1.708767000000000000e+06 -2.366970000000000000e+05 -2.156625000000000000e+06 -3.437786000000000000e+06 -4.574890000000000000e+05 1.315507000000000000e+06 1.377390000000000000e+05 -3.175338000000000000e+06 7.990440000000000000e+05 -2.683120000000000000e+05 -2.573859000000000000e+06 -7.057010000000000000e+05
1.503788000000000000e+06 -9.919930000000000000e+05 1.219822000000000000e+06 -1.661608000000000000e+06 -1.109752000000000000e+06 6.169212000000000000e+06 9.474880000000000000e+05 -1.552499000000000000e+06 -1.770824000000000000e+06 4.439700000000000000e+05 -2.594003000000000000e+06 5.944460000000000000e+05 -5.143770000000000000e+05 1.569918000000000000e+06 6.878110000000000000e+05 1.860080000000000000e+06 -8.421960000000000000e+05 -4.251290000000000000e+05 1.793655000000000000e+06 2.223818000000000000e+06
1.528015000000000000e+06 -2.201716000000000000e+06 9.699340000000000000e+05 -1.620175000000000000e+06 -7.996920000000000000e+05 9.474880000000000000e+05 6.230855000000000000e+06 1.491412000000000000e+06 -1.429728000000000000e+06 -1.200396000000000000e+06 1.665850000000000000e+05 1.884200000000000000e+04 -2.904073000000000000e+06 4.011510000000000000e+06 -2.780449000000000000e+06 1.406682000000000000e+06 -6.946100000000000000e+04 -2.529445000000000000e+06 2.588400000000000000e+04 3.079820000000000000e+05
-1.545563000000000000e+06 -3.841880000000000000e+05 -1.518175000000000000e+06 -1.420403000000000000e+06 -2.834387000000000000e+06 -1.552499000000000000e+06 1.491412000000000000e+06 5.170827000000000000e+06 1.282464000000000000e+06 6.945800000000000000e+04 2.223485000000000000e+06 1.549824000000000000e+06 7.184480000000000000e+05 3.583950000000000000e+05 -2.095752000000000000e+06 -1.263234000000000000e+06 2.281823000000000000e+06 -1.777720000000000000e+05 -1.121258000000000000e+06 -7.383550000000000000e+05
-1.422992000000000000e+06 -8.182610000000000000e+05 4.647870000000000000e+05 -8.821900000000000000e+05 -1.708767000000000000e+06 -1.770824000000000000e+06 -1.429728000000000000e+06 1.282464000000000000e+06 7.191304000000000000e+06 2.604918000000000000e+06 1.242379000000000000e+06 1.194431000000000000e+06 1.094072000000000000e+06 -1.386926000000000000e+06 -2.192254000000000000e+06 5.704660000000000000e+05 8.118760000000000000e+05 -5.261860000000000000e+05 -3.919440000000000000e+05 -1.338713000000000000e+06
-1.758937000000000000e+06 -1.348215000000000000e+06 -3.096622000000000000e+06 1.611830000000000000e+05 -2.366970000000000000e+05 4.439700000000000000e+05 -1.200396000000000000e+06 6.945800000000000000e+04 2.604918000000000000e+06 7.112688000000000000e+06 -6.411300000000000000e+05 1.582819000000000000e+06 4.173980000000000000e+05 -2.478315000000000000e+06 -2.617070000000000000e+06 1.990672000000000000e+06 2.044701000000000000e+06 -3.112878000000000000e+06 5.269430000000000000e+05 -8.480670000000000000e+05
-1.086075000000000000e+06 6.035900000000000000e+04 -2.162960000000000000e+05 1.943253000000000000e+06 -2.156625000000000000e+06 -2.594003000000000000e+06 1.665850000000000000e+05 2.223485000000000000e+06 1.242379000000000000e+06 -6.411300000000000000e+05 7.111353000000000000e+06 1.289955000000000000e+06 5.193070000000000000e+05 -2.425385000000000000e+06 -9.149300000000000000e+05 2.653490000000000000e+06 -7.576180000000000000e+05 -1.600881000000000000e+06 -5.647640000000000000e+05 -5.090460000000000000e+05
-2.505100000000000000e+05 -1.904421000000000000e+06 -3.335504000000000000e+06 -1.706060000000000000e+05 -3.437786000000000000e+06 5.944460000000000000e+05 1.884200000000000000e+04 1.549824000000000000e+06 1.194431000000000000e+06 1.582819000000000000e+06 1.289955000000000000e+06 6.999554000000000000e+06 6.847700000000000000e+04 -9.234700000000000000e+04 -2.139206000000000000e+06 2.372772000000000000e+06 -3.784800000000000000e+05 -1.262400000000000000e+04 -1.171626000000000000e+06 2.538130000000000000e+06
-1.312342000000000000e+06 4.358425000000000000e+06 -1.162990000000000000e+06 3.886330000000000000e+05 -4.574890000000000000e+05 -5.143770000000000000e+05 -2.904073000000000000e+06 7.184480000000000000e+05 1.094072000000000000e+06 4.173980000000000000e+05 5.193070000000000000e+05 6.847700000000000000e+04 6.174498000000000000e+06 -2.156524000000000000e+06 -5.276520000000000000e+05 -1.835842000000000000e+06 -1.320300000000000000e+05 7.638640000000000000e+05 1.650634000000000000e+06 4.667300000000000000e+04
1.102357000000000000e+06 5.852700000000000000e+04 4.141818000000000000e+06 -2.160669000000000000e+06 1.315507000000000000e+06 1.569918000000000000e+06 4.011510000000000000e+06 3.583950000000000000e+05 -1.386926000000000000e+06 -2.478315000000000000e+06 -2.425385000000000000e+06 -9.234700000000000000e+04 -2.156524000000000000e+06 7.518291000000000000e+06 -2.153010000000000000e+05 -8.763630000000000000e+05 -5.947670000000000000e+05 -4.251620000000000000e+05 6.221840000000000000e+05 1.473996000000000000e+06
7.947170000000000000e+05 2.226053000000000000e+06 4.803230000000000000e+05 -6.460100000000000000e+05 1.377390000000000000e+05 6.878110000000000000e+05 -2.780449000000000000e+06 -2.095752000000000000e+06 -2.192254000000000000e+06 -2.617070000000000000e+06 -9.149300000000000000e+05 -2.139206000000000000e+06 -5.276520000000000000e+05 -2.153010000000000000e+05 8.032574000000000000e+06 -1.220380000000000000e+06 -1.499122000000000000e+06 5.455903000000000000e+06 1.132732000000000000e+06 8.115410000000000000e+05
8.300220000000000000e+05 -1.327963000000000000e+06 6.787300000000000000e+04 5.123970000000000000e+05 -3.175338000000000000e+06 1.860080000000000000e+06 1.406682000000000000e+06 -1.263234000000000000e+06 5.704660000000000000e+05 1.990672000000000000e+06 2.653490000000000000e+06 2.372772000000000000e+06 -1.835842000000000000e+06 -8.763630000000000000e+05 -1.220380000000000000e+06 8.952775000000000000e+06 -7.771920000000000000e+05 -3.421612000000000000e+06 2.219665000000000000e+06 1.192485000000000000e+06
-1.053032000000000000e+06 -2.999443000000000000e+06 -1.121930000000000000e+05 1.831467000000000000e+06 7.990440000000000000e+05 -8.421960000000000000e+05 -6.946100000000000000e+04 2.281823000000000000e+06 8.118760000000000000e+05 2.044701000000000000e+06 -7.576180000000000000e+05 -3.784800000000000000e+05 -1.320300000000000000e+05 -5.947670000000000000e+05 -1.499122000000000000e+06 -7.771920000000000000e+05 6.939260000000000000e+06 -2.762780000000000000e+05 -1.707109000000000000e+06 -1.547092000000000000e+06
2.080332000000000000e+06 2.193486000000000000e+06 -1.410375000000000000e+06 -6.857450000000000000e+05 -2.683120000000000000e+05 -4.251290000000000000e+05 -2.529445000000000000e+06 -1.777720000000000000e+05 -5.261860000000000000e+05 -3.112878000000000000e+06 -1.600881000000000000e+06 -1.262400000000000000e+04 7.638640000000000000e+05 -4.251620000000000000e+05 5.455903000000000000e+06 -3.421612000000000000e+06 -2.762780000000000000e+05 8.240442000000000000e+06 1.274020000000000000e+05 1.995345000000000000e+06
2.417126000000000000e+06 3.439058000000000000e+06 -7.204700000000000000e+04 -3.533970000000000000e+06 -2.573859000000000000e+06 1.793655000000000000e+06 2.588400000000000000e+04 -1.121258000000000000e+06 -3.919440000000000000e+05 5.269430000000000000e+05 -5.647640000000000000e+05 -1.171626000000000000e+06 1.650634000000000000e+06 6.221840000000000000e+05 1.132732000000000000e+06 2.219665000000000000e+06 -1.707109000000000000e+06 1.274020000000000000e+05 7.785500000000000000e+06 1.259757000000000000e+06
2.251691000000000000e+06 4.047390000000000000e+05 -4.684800000000000000e+04 2.193030000000000000e+05 -7.057010000000000000e+05 2.223818000000000000e+06 3.079820000000000000e+05 -7.383550000000000000e+05 -1.338713000000000000e+06 -8.480670000000000000e+05 -5.090460000000000000e+05 2.538130000000000000e+06 4.667300000000000000e+04 1.473996000000000000e+06 8.115410000000000000e+05 1.192485000000000000e+06 -1.547092000000000000e+06 1.995345000000000000e+06 1.259757000000000000e+06 3.924099000000000000e+06
