8.719544000000000000e+06 -9.242640000000000000e+05 1.269577000000000000e+06 -1.344165000000000000e+06 3.965420000000000000e+05 1.254663000000000000e+06 -1.514340000000000000e+05 1.403803000000000000e+06 -1.749406000000000000e+06 6.687820000000000000e+05 4.497910000000000000e+05 -1.553394000000000000e+06 1.488805000000000000e+06 1.752609000000000000e+06 -1.988834000000000000e+06 -1.636340000000000000e+06 2.085304000000000000e+06 -1.367632000000000000e+06 1.198887000000000000e+06 2.439954000000000000e+06
-9.242640000000000000e+05 4.331412000000000000e+06 1.756764000000000000e+06 1.696292000000000000e+06 -8.539120000000000000e+05 -6.019500000000000000e+05 -8.421200000000000000e+04 5.966650000000000000e+05 -6.328200000000000000e+05 1.555810000000000000e+05 1.108619000000000000e+06 -1.622531000000000000e+06 -1.588647000000000000e+06 4.154650000000000000e+05 -7.231330000000000000e+05 1.689300000000000000e+04 -1.943810000000000000e+05 4.996260000000000000e+05 5.600660000000000000e+05 -3.102000000000000000e+05
1.269577000000000000e+06 1.756764000000000000e+06 4.758390000000000000e+06 1.649314000000000000e+06 -1.811900000000000000e+04 -8.759220000000000000e+05 -1.168101000000000000e+06 6.667690000000000000e+05 -8.037380000000000000e+05 -4.339860000000000000e+05 9.877570000000000000e+05 6.531550000000000000e+05 -2.819077000000000000e+06 8.127510000000000000e+05 9.438740000000000000e+05 1.138983000000000000e+06 -2.324314000000000000e+06 -1.062646000000000000e+06 1.729230000000000000e+05 -1.312306000000000000e+06
-1.344165000000000000e+06 1.696292000000000000e+06 1.649314000000000000e+06 7.710769000000000000e+06 -5.958350000000000000e+05 -4.667365000000000000e+06 2.562217000000000000e+06 -1.765675000000000000e+06 -2.042691000000000000e+06 -1.274890000000000000e+05 9.681680000000000000e+05 1.923730000000000000e+05 -2.409158000000000000e+06 1.645399000000000000e+06 1.427005000000000000e+06 5.887000000000000000e+04 -9.635880000000000000e+05 7.102290000000000000e+05 -1.265952000000000000e+06 -4.313970000000000000e+05
3.965420000000000000e+05 -8.539120000000000000e+05 -1.811900000000000000e+04 -5.958350000000000000e+05 5.837796000000000000e+06 1.217735000000000000e+06 -5.888900000000000000e+05 -1.904977000000000000e+06 4.863040000000000000e+05 9.267470000000000000e+05 -1.770000000000000000e+02 -2.656800000000000000e+04 1.400181000000000000e+06 -2.337085000000000000e+06 9.322660000000000000e+05 -6.581870000000000000e+05 6.987900000000000000e+04 5.031880000000000000e+05 4.840640000000000000e+05 2.432480000000000000e+05
1.254663000000000000e+06 -6.019500000000000000e+05 -8.759220000000000000e+05 -4.667365000000000000e+06 1.217735000000000000e+06 7.267605000000000000e+06 -4.292484000000000000e+06 1.314150000000000000e+05 2.851736000000000000e+06 2.338940000000000000e+06 -6.611280000000000000e+05 1.673030000000000000e+06 9.948270000000000000e+05 -1.603005000000000000e+06 -1.219558000000000000e+06 -2.235395000000000000e+06 1.934866000000000000e+06 7.009690000000000000e+05 2.757257000000000000e+06 2.216040000000000000e+05
-1.514340000000000000e+05 -8.421200000000000000e+04 -1.168101000000000000e+06 2.562217000000000000e+06 -5.888900000000000000e+05 -4.292484000000000000e+06 7.611446000000000000e+06 -1.072900000000000000e+05 -1.318286000000000000e+06 -2.341517000000000000e+06 -7.799600000000000000e+04 -1.858860000000000000e+06 8.085610000000000000e+05 2.554495000000000000e+06 5.953670000000000000e+05 2.591750000000000000e+05 1.025866000000000000e+06 -8.138330000000000000e+05 -1.296553000000000000e+06 -4.055600000000000000e+04
1.403803000000000000e+06 5.966650000000000000e+05 6.667690000000000000e+05 -1.765675000000000000e+06 -1.904977000000000000e+06 1.314150000000000000e+05 -1.072900000000000000e+05 7.240053000000000000e+06 1.123452000000000000e+06 -7.969000000000000000e+04 -5.532420000000000000e+05 -9.073090000000000000e+05 2.180000000000000000e+05 2.053564000000000000e+06 -1.835632000000000000e+06 2.245570000000000000e+05 1.078632000000000000e+06 3.087060000000000000e+05 2.733088000000000000e+06 -1.415625000000000000e+06
-1.749406000000000000e+06 -6.328200000000000000e+05 -8.037380000000000000e+05 -2.042691000000000000e+06 4.863040000000000000e+05 2.851736000000000000e+06 -1.318286000000000000e+06 1.123452000000000000e+06 8.045496000000000000e+06 1.361869000000000000e+06 7.135890000000000000e+05 2.601009000000000000e+06 2.191211000000000000e+06 -4.652750000000000000e+05 2.350200000000000000e+04 -1.206332000000000000e+06 3.843790000000000000e+05 3.068874000000000000e+06 2.640100000000000000e+05 -1.113335000000000000e+06
6.687820000000000000e+05 1.555810000000000000e+05 -4.339860000000000000e+05 -1.274890000000000000e+05 9.267470000000000000e+05 2.338940000000000000e+06 -2.341517000000000000e+06 -7.969000000000000000e+04 1.361869000000000000e+06 5.811809000000000000e+06 3.395500000000000000e+04 8.226730000000000000e+05 1.047183000000000000e+06 7.273440000000000000e+05 -5.275010000000000000e+05 -1.688116000000000000e+06 1.769419000000000000e+06 1.621122000000000000e+06 1.381036000000000000e+06 -1.214652000000000000e+06
4.497910000000000000e+05 1.108619000000000000e+06 9.877570000000000000e+05 9.681680000000000000e+05 -1.770000000000000000e+02 -6.611280000000000000e+05 -7.799600000000000000e+04 -5.532420000000000000e+05 7.135890000000000000e+05 3.395500000000000000e+04 4.490518000000000000e+06 1.352965000000000000e+06 1.246702000000000000e+06 -4.856030000000000000e+05 -1.405020000000000000e+05 -5.457480000000000000e+05 3.997610000000000000e+05 -3.838990000000000000e+05 -1.369560000000000000e+05 2.721660000000000000e+05
-1.553394000000000000e+06 -1.622531000000000000e+06 6.531550000000000000e+05 1.923730000000000000e+05 -2.656800000000000000e+04 1.673030000000000000e+06 -1.858860000000000000e+06 -9.073090000000000000e+05 2.601009000000000000e+06 8.226730000000000000e+05 1.352965000000000000e+06 6.073115000000000000e+06 7.073610000000000000e+05 -8.057930000000000000e+05 9.074440000000000000e+05 7.750300000000000000e+04 -1.324390000000000000e+06 2.626160000000000000e+05 2.130980000000000000e+06 -5.831490000000000000e+05
1.488805000000000000e+06 -1.588647000000000000e+06 -2.819077000000000000e+06 -2.409158000000000000e+06 1.400181000000000000e+06 9.948270000000000000e+05 8.085610000000000000e+05 2.180000000000000000e+05 2.191211000000000000e+06 1.047183000000000000e+06 1.246702000000000000e+06 7.073610000000000000e+05 5.943419000000000000e+06 -1.385694000000000000e+06 -1.338949000000000000e+06 -1.970840000000000000e+06 2.681051000000000000e+06 5.853320000000000000e+05 5.729820000000000000e+05 1.526243000000000000e+06
1.752609000000000000e+06 4.154650000000000000e+05 8.127510000000000000e+05 1.645399000000000000e+06 -2.337085000000000000e+06 -1.603005000000000000e+06 2.554495000000000000e+06 2.053564000000000000e+06 -4.652750000000000000e+05 7.273440000000000000e+05 -4.856030000000000000e+05 -8.057930000000000000e+05 -1.385694000000000000e+06 6.897625000000000000e+06 5.007070000000000000e+05 -4.092410000000000000e+05 1.318098000000000000e+06 1.782522000000000000e+06 2.469226000000000000e+06 -1.101345000000000000e+06
-1.988834000000000000e+06 -7.231330000000000000e+05 9.438740000000000000e+05 1.427005000000000000e+06 9.322660000000000000e+05 -1.219558000000000000e+06 5.953670000000000000e+05 -1.835632000000000000e+06 2.350200000000000000e+04 -5.275010000000000000e+05 -1.405020000000000000e+05 9.074440000000000000e+05 -1.338949000000000000e+06 5.007070000000000000e+05 6.007074000000000000e+06 2.366810000000000000e+06 -3.272035000000000000e+06 -5.692250000000000000e+05 -4.309620000000000000e+05 -2.081435000000000000e+06
-1.636340000000000000e+06 1.689300000000000000e+04 1.138983000000000000e+06 5.887000000000000000e+04 -6.581870000000000000e+05 -2.235395000000000000e+06 2.591750000000000000e+05 2.245570000000000000e+05 -1.206332000000000000e+06 -1.688116000000000000e+06 -5.457480000000000000e+05 7.750300000000000000e+04 -1.970840000000000000e+06 -4.092410000000000000e+05 2.366810000000000000e+06 6.132827000000000000e+06 -4.191849000000000000e+06 -1.020743000000000000e+06 -1.604831000000000000e+06 -1.883919000000000000e+06
2.085304000000000000e+06 -1.943810000000000000e+05 -2.324314000000000000e+06 -9.635880000000000000e+05 6.987900000000000000e+04 1.934866000000000000e+06 1.025866000000000000e+06 1.078632000000000000e+06 3.843790000000000000e+05 1.769419000000000000e+06 3.997610000000000000e+05 -1.324390000000000000e+06 2.681051000000000000e+06 1.318098000000000000e+06 -3.272035000000000000e+06 -4.191849000000000000e+06 5.120070000000000000e+06 1.221712000000000000e+06 1.248663000000000000e+06 1.089704000000000000e+06
-1.367632000000000000e+06 4.996260000000000000e+05 -1.062646000000000000e+06 7.102290000000000000e+05 5.031880000000000000e+05 7.009690000000000000e+05 -8.138330000000000000e+05 3.087060000000000000e+05 3.068874000000000000e+06 1.621122000000000000e+06 -3.838990000000000000e+05 2.626160000000000000e+05 5.853320000000000000e+05 1.782522000000000000e+06 -5.692250000000000000e+05 -1.020743000000000000e+06 1.221712000000000000e+06 4.512149000000000000e+06 1.109038000000000000e+06 -4.767710000000000000e+05
1.198887000000000000e+06 5.600660000000000000e+05 1.729230000000000000e+05 -1.265952000000000000e+06 4.840640000000000000e+05 2.757257000000000000e+06 -1.296553000000000000e+06 2.733088000000000000e+06 2.640100000000000000e+05 1.381036000000000000e+06 -1.369560000000000000e+05 2.130980000000000000e+06 5.729820000000000000e+05 2.469226000000000000e+06 -4.309620000000000000e+05 -1.604831000000000000e+06 1.248663000000000000e+06 1.109038000000000000e+06 7.095952000000000000e+06 7.725000000000000000e+04
2.439954000000000000e+06 -3.102000000000000000e+05 -1.312306000000000000e+06 -4.313970000000000000e+05 2.432480000000000000e+05 2.216040000000000000e+05 -4.055600000000000000e+04 -1.415625000000000000e+06 -1.113335000000000000e+06 -1.214652000000000000e+06 2.721660000000000000e+05 -5.831490000000000000e+05 1.526243000000000000e+06 -1.101345000000000000e+06 -2.081435000000000000e+06 -1.883919000000000000e+06 1.089704000000000000e+06 -4.767710000000000000e+05 7.725000000000000000e+04 4.849553000000000000e+06
