7.952230000000000000e+06 -8.179880000000000000e+05 -1.611102000000000000e+06 -1.367320000000000000e+06 2.282084000000000000e+06 2.525226000000000000e+06 1.731069000000000000e+06 5.880830000000000000e+05 -1.580740000000000000e+06 3.420696000000000000e+06 -4.845970000000000000e+05 8.731180000000000000e+05 8.843540000000000000e+05 7.937790000000000000e+05 -8.671190000000000000e+05 -8.165160000000000000e+05 2.550178000000000000e+06 6.239900000000000000e+04 2.327068000000000000e+06 -1.816460000000000000e+05
-8.179880000000000000e+05 6.896519000000000000e+06 2.740980000000000000e+05 -5.348480000000000000e+05 1.156560000000000000e+05 -4.679910000000000000e+05 6.010520000000000000e+05 -3.498445000000000000e+06 3.568477000000000000e+06 -2.182757000000000000e+06 -2.870166000000000000e+06 2.741300000000000000e+05 -1.140670000000000000e+06 -1.122734000000000000e+06 -1.305335000000000000e+06 -2.551129000000000000e+06 -1.167653000000000000e+06 -2.548659000000000000e+06 -4.013316000000000000e+06 3.979210000000000000e+05
-1.611102000000000000e+06 2.740980000000000000e+05 8.012021000000000000e+06 2.290356000000000000e+06 -8.036220000000000000e+05 2.292510000000000000e+05 -2.115730000000000000e+06 -2.256185000000000000e+06 -1.596617000000000000e+06 -1.236821000000000000e+06 1.441499000000000000e+06 1.214993000000000000e+06 9.598510000000000000e+05 7.790590000000000000e+05 1.515372000000000000e+06 -2.263771000000000000e+06 7.125320000000000000e+05 9.424680000000000000e+05 -2.812610000000000000e+05 -9.340810000000000000e+05
-1.367320000000000000e+06 -5.348480000000000000e+05 2.290356000000000000e+06 4.328777000000000000e+06 3.473130000000000000e+05 -7.328020000000000000e+05 3.233150000000000000e+05 -2.677279000000000000e+06 -8.040130000000000000e+05 -1.780160000000000000e+06 1.268406000000000000e+06 -1.089813000000000000e+06 1.115813000000000000e+06 8.351370000000000000e+05 1.084417000000000000e+06 -1.129140000000000000e+06 2.420219000000000000e+06 1.512490000000000000e+06 1.361192000000000000e+06 -5.154990000000000000e+05
2.282084000000000000e+06 1.156560000000000000e+05 -8.036220000000000000e+05 3.473130000000000000e+05 5.148136000000000000e+06 1.905611000000000000e+06 -6.727730000000000000e+05 -1.797300000000000000e+04 -3.915410000000000000e+05 -2.570900000000000000e+04 -1.634048000000000000e+06 -1.048527000000000000e+06 -5.169140000000000000e+05 1.892400000000000000e+06 -4.589360000000000000e+05 -2.598665000000000000e+06 1.319156000000000000e+06 -2.304660000000000000e+06 2.011272000000000000e+06 -3.331600000000000000e+04
2.525226000000000000e+06 -4.679910000000000000e+05 2.292510000000000000e+05 -7.328020000000000000e+05 1.905611000000000000e+06 5.888499000000000000e+06 9.315400000000000000e+05 2.691000000000000000e+03 -4.852260000000000000e+05 1.032203000000000000e+06 3.705900000000000000e+05 -2.650080000000000000e+05 -2.492425000000000000e+06 2.497202000000000000e+06 -1.965076000000000000e+06 -4.035390000000000000e+05 -6.876280000000000000e+05 -1.047027000000000000e+06 8.241210000000000000e+05 -3.289380000000000000e+05
1.731069000000000000e+06 6.010520000000000000e+05 -2.115730000000000000e+06 3.233150000000000000e+05 -6.727730000000000000e+05 9.315400000000000000e+05 6.668551000000000000e+06 -1.239063000000000000e+06 8.782750000000000000e+05 1.984110000000000000e+05 -2.468890000000000000e+05 -3.289250000000000000e+05 -1.300727000000000000e+06 -3.717910000000000000e+05 1.717424000000000000e+06 7.917870000000000000e+05 1.545563000000000000e+06 3.558997000000000000e+06 2.701970000000000000e+05 2.119550000000000000e+05
5.880830000000000000e+05 -3.498445000000000000e+06 -2.256185000000000000e+06 -2.677279000000000000e+06 -1.797300000000000000e+04 2.691000000000000000e+03 -1.239063000000000000e+06 6.975374000000000000e+06 -7.134610000000000000e+05 1.137231000000000000e+06 6.287530000000000000e+05 -3.673180000000000000e+05 -1.437131000000000000e+06 -1.656372000000000000e+06 8.807650000000000000e+05 7.323970000000000000e+05 -3.331541000000000000e+06 4.245880000000000000e+05 1.667563000000000000e+06 1.591140000000000000e+06
-1.580740000000000000e+06 3.568477000000000000e+06 -1.596617000000000000e+06 -8.040130000000000000e+05 -3.915410000000000000e+05 -4.852260000000000000e+05 8.782750000000000000e+05 -7.134610000000000000e+05 6.494137000000000000e+06 -3.351860000000000000e+06 -1.273813000000000000e+06 -1.044079000000000000e+06 -1.642733000000000000e+06 -8.976100000000000000e+05 1.643820000000000000e+05 -1.452545000000000000e+06 -8.559880000000000000e+05 -2.805483000000000000e+06 -1.455234000000000000e+06 3.553597000000000000e+06
3.420696000000000000e+06 -2.182757000000000000e+06 -1.236821000000000000e+06 -1.780160000000000000e+06 -2.570900000000000000e+04 1.032203000000000000e+06 1.984110000000000000e+05 1.137231000000000000e+06 -3.351860000000000000e+06 7.966281000000000000e+06 1.159465000000000000e+06 7.938830000000000000e+05 3.813511000000000000e+06 7.036890000000000000e+05 -3.463110000000000000e+05 8.954180000000000000e+05 2.973620000000000000e+05 1.432613000000000000e+06 7.193610000000000000e+05 -2.073102000000000000e+06
-4.845970000000000000e+05 -2.870166000000000000e+06 1.441499000000000000e+06 1.268406000000000000e+06 -1.634048000000000000e+06 3.705900000000000000e+05 -2.468890000000000000e+05 6.287530000000000000e+05 -1.273813000000000000e+06 1.159465000000000000e+06 6.158432000000000000e+06 -8.063930000000000000e+05 1.443022000000000000e+06 9.366000000000000000e+05 2.142436000000000000e+06 1.831463000000000000e+06 -5.442010000000000000e+05 2.656824000000000000e+06 4.193710000000000000e+05 1.067130000000000000e+05
8.731180000000000000e+05 2.741300000000000000e+05 1.214993000000000000e+06 -1.089813000000000000e+06 -1.048527000000000000e+06 -2.650080000000000000e+05 -3.289250000000000000e+05 -3.673180000000000000e+05 -1.044079000000000000e+06 7.938830000000000000e+05 -8.063930000000000000e+05 3.826845000000000000e+06 -8.757500000000000000e+05 -2.587455000000000000e+06 -1.432700000000000000e+05 -9.810000000000000000e+03 -1.529830000000000000e+05 8.411180000000000000e+05 -7.410500000000000000e+05 1.222160000000000000e+05
8.843540000000000000e+05 -1.140670000000000000e+06 9.598510000000000000e+05 1.115813000000000000e+06 -5.169140000000000000e+05 -2.492425000000000000e+06 -1.300727000000000000e+06 -1.437131000000000000e+06 -1.642733000000000000e+06 3.813511000000000000e+06 1.443022000000000000e+06 -8.757500000000000000e+05 8.416162000000000000e+06 1.498377000000000000e+06 1.119153000000000000e+06 1.814450000000000000e+05 2.687054000000000000e+06 1.576800000000000000e+05 3.881920000000000000e+05 -2.200743000000000000e+06
7.937790000000000000e+05 -1.122734000000000000e+06 7.790590000000000000e+05 8.351370000000000000e+05 1.892400000000000000e+06 2.497202000000000000e+06 -3.717910000000000000e+05 -1.656372000000000000e+06 -8.976100000000000000e+05 7.036890000000000000e+05 9.366000000000000000e+05 -2.587455000000000000e+06 1.498377000000000000e+06 7.097820000000000000e+06 -2.701928000000000000e+06 2.254054000000000000e+06 1.744169000000000000e+06 -3.910600000000000000e+05 -1.797599000000000000e+06 -1.012987000000000000e+06
-8.671190000000000000e+05 -1.305335000000000000e+06 1.515372000000000000e+06 1.084417000000000000e+06 -4.589360000000000000e+05 -1.965076000000000000e+06 1.717424000000000000e+06 8.807650000000000000e+05 1.643820000000000000e+05 -3.463110000000000000e+05 2.142436000000000000e+06 -1.432700000000000000e+05 1.119153000000000000e+06 -2.701928000000000000e+06 6.280042000000000000e+06 -1.307805000000000000e+06 9.761680000000000000e+05 1.877637000000000000e+06 3.038066000000000000e+06 1.880167000000000000e+06
-8.165160000000000000e+05 -2.551129000000000000e+06 -2.263771000000000000e+06 -1.129140000000000000e+06 -2.598665000000000000e+06 -4.035390000000000000e+05 7.917870000000000000e+05 7.323970000000000000e+05 -1.452545000000000000e+06 8.954180000000000000e+05 1.831463000000000000e+06 -9.810000000000000000e+03 1.814450000000000000e+05 2.254054000000000000e+06 -1.307805000000000000e+06 9.246245000000000000e+06 -1.309010000000000000e+05 2.735833000000000000e+06 -2.778846000000000000e+06 -3.045550000000000000e+05
2.550178000000000000e+06 -1.167653000000000000e+06 7.125320000000000000e+05 2.420219000000000000e+06 1.319156000000000000e+06 -6.876280000000000000e+05 1.545563000000000000e+06 -3.331541000000000000e+06 -8.559880000000000000e+05 2.973620000000000000e+05 -5.442010000000000000e+05 -1.529830000000000000e+05 2.687054000000000000e+06 1.744169000000000000e+06 9.761680000000000000e+05 -1.309010000000000000e+05 8.939815000000000000e+06 2.240249000000000000e+06 4.232370000000000000e+06 -2.134630000000000000e+05
6.239900000000000000e+04 -2.548659000000000000e+06 9.424680000000000000e+05 1.512490000000000000e+06 -2.304660000000000000e+06 -1.047027000000000000e+06 3.558997000000000000e+06 4.245880000000000000e+05 -2.805483000000000000e+06 1.432613000000000000e+06 2.656824000000000000e+06 8.411180000000000000e+05 1.576800000000000000e+05 -3.910600000000000000e+05 1.877637000000000000e+06 2.735833000000000000e+06 2.240249000000000000e+06 8.139246000000000000e+06 -2.435120000000000000e+05 -9.705350000000000000e+05
2.327068000000000000e+06 -4.013316000000000000e+06 -2.812610000000000000e+05 1.361192000000000000e+06 2.011272000000000000e+06 8.241210000000000000e+05 2.701970000000000000e+05 1.667563000000000000e+06 -1.455234000000000000e+06 7.193610000000000000e+05 4.193710000000000000e+05 -7.410500000000000000e+05 3.881920000000000000e+05 -1.797599000000000000e+06 3.038066000000000000e+06 -2.778846000000000000e+06 4.232370000000000000e+06 -2.435120000000000000e+05 9.518041000000000000e+06 3.643800000000000000e+04
-1.816460000000000000e+05 3.979210000000000000e+05 -9.340810000000000000e+05 -5.154990000000000000e+05 -3.331600000000000000e+04 -3.289380000000000000e+05 2.119550000000000000e+05 1.591140000000000000e+06 3.553597000000000000e+06 -2.073102000000000000e+06 1.067130000000000000e+05 1.222160000000000000e+05 -2.200743000000000000e+06 -1.012987000000000000e+06 1.880167000000000000e+06 -3.045550000000000000e+05 -2.134630000000000000e+05 -9.705350000000000000e+05 3.643800000000000000e+04 6.244615000000000000e+06
