7.160168000000000000e+06 2.824204000000000000e+06 -1.851704000000000000e+06 1.027681000000000000e+06 1.092323000000000000e+06 -1.472386000000000000e+06 2.066699000000000000e+06 2.497626000000000000e+06 3.663885000000000000e+06 2.842014000000000000e+06 -9.584320000000000000e+05 -2.377854000000000000e+06 1.716940000000000000e+05 9.149830000000000000e+05 1.589839000000000000e+06 -8.095850000000000000e+05 -2.079754000000000000e+06 2.101720000000000000e+06 2.727980000000000000e+05 1.010459000000000000e+06
2.824204000000000000e+06 7.416682000000000000e+06 -3.986820000000000000e+05 7.800940000000000000e+05 -2.298750000000000000e+06 -2.640110000000000000e+05 -3.194170000000000000e+05 -1.139547000000000000e+06 5.404250000000000000e+06 1.922936000000000000e+06 5.565110000000000000e+05 1.002736000000000000e+06 -4.854140000000000000e+05 -2.296050000000000000e+05 3.375530000000000000e+05 2.165226000000000000e+06 -2.262935000000000000e+06 8.414030000000000000e+05 1.713250000000000000e+06 6.614640000000000000e+05
-1.851704000000000000e+06 -3.986820000000000000e+05 6.000326000000000000e+06 6.834900000000000000e+04 -8.759690000000000000e+05 1.286954000000000000e+06 -2.030145000000000000e+06 -9.773740000000000000e+05 -1.397658000000000000e+06 5.272360000000000000e+05 1.194731000000000000e+06 8.731180000000000000e+05 -9.411400000000000000e+05 2.676280000000000000e+05 -1.643850000000000000e+05 1.121620000000000000e+05 6.174380000000000000e+05 -3.094791000000000000e+06 3.888870000000000000e+05 -1.866553000000000000e+06
1.027681000000000000e+06 7.800940000000000000e+05 6.834900000000000000e+04 6.166426000000000000e+06 1.393227000000000000e+06 8.366760000000000000e+05 2.624841000000000000e+06 2.430330000000000000e+06 -8.162820000000000000e+05 -1.735432000000000000e+06 -1.328536000000000000e+06 -1.023659000000000000e+06 2.169764000000000000e+06 6.082500000000000000e+05 7.173690000000000000e+05 2.362014000000000000e+06 -5.159980000000000000e+05 9.578370000000000000e+05 1.770919000000000000e+06 8.676900000000000000e+04
1.092323000000000000e+06 -2.298750000000000000e+06 -8.759690000000000000e+05 1.393227000000000000e+06 8.064276000000000000e+06 1.019832000000000000e+06 1.958488000000000000e+06 1.611930000000000000e+06 -1.313862000000000000e+06 4.425090000000000000e+05 -7.030200000000000000e+05 -1.615350000000000000e+06 2.143496000000000000e+06 4.837100000000000000e+04 6.659100000000000000e+05 -2.004554000000000000e+06 -1.750819000000000000e+06 2.010519000000000000e+06 -2.962340000000000000e+05 -2.686720000000000000e+05
-1.472386000000000000e+06 -2.640110000000000000e+05 1.286954000000000000e+06 8.366760000000000000e+05 1.019832000000000000e+06 7.818073000000000000e+06 2.647071000000000000e+06 -1.139250000000000000e+05 -2.135476000000000000e+06 1.079064000000000000e+06 -9.378210000000000000e+05 1.318464000000000000e+06 3.920055000000000000e+06 -3.967750000000000000e+05 -4.045100000000000000e+04 4.850960000000000000e+05 4.613200000000000000e+05 -5.003280000000000000e+05 1.190795000000000000e+06 1.782999000000000000e+06
2.066699000000000000e+06 -3.194170000000000000e+05 -2.030145000000000000e+06 2.624841000000000000e+06 1.958488000000000000e+06 2.647071000000000000e+06 7.651487000000000000e+06 4.436636000000000000e+06 7.779470000000000000e+05 4.998950000000000000e+05 -3.585158000000000000e+06 -1.791007000000000000e+06 3.640819000000000000e+06 -8.291170000000000000e+05 7.212870000000000000e+05 -2.110030000000000000e+05 -3.933530000000000000e+05 2.738641000000000000e+06 5.282510000000000000e+05 8.544250000000000000e+05
2.497626000000000000e+06 -1.139547000000000000e+06 -9.773740000000000000e+05 2.430330000000000000e+06 1.611930000000000000e+06 -1.139250000000000000e+05 4.436636000000000000e+06 7.775083000000000000e+06 1.429401000000000000e+06 6.910200000000000000e+05 -1.750425000000000000e+06 -1.452943000000000000e+06 2.390778000000000000e+06 1.073052000000000000e+06 1.774051000000000000e+06 -2.096178000000000000e+06 6.191000000000000000e+03 6.159970000000000000e+05 -9.431100000000000000e+04 2.917420000000000000e+05
3.663885000000000000e+06 5.404250000000000000e+06 -1.397658000000000000e+06 -8.162820000000000000e+05 -1.313862000000000000e+06 -2.135476000000000000e+06 7.779470000000000000e+05 1.429401000000000000e+06 9.526040000000000000e+06 -2.084830000000000000e+05 -3.529440000000000000e+05 1.813001000000000000e+06 -2.807568000000000000e+06 -3.080108000000000000e+06 2.792340000000000000e+06 -5.728700000000000000e+04 -1.227671000000000000e+06 1.437526000000000000e+06 1.028113000000000000e+06 -2.478220000000000000e+05
2.842014000000000000e+06 1.922936000000000000e+06 5.272360000000000000e+05 -1.735432000000000000e+06 4.425090000000000000e+05 1.079064000000000000e+06 4.998950000000000000e+05 6.910200000000000000e+05 -2.084830000000000000e+05 7.885139000000000000e+06 1.500117000000000000e+06 -2.118047000000000000e+06 4.490670000000000000e+05 3.190120000000000000e+06 -5.916410000000000000e+05 -2.034583000000000000e+06 -2.498040000000000000e+05 -5.787260000000000000e+05 -3.315200000000000000e+04 6.108310000000000000e+05
-9.584320000000000000e+05 5.565110000000000000e+05 1.194731000000000000e+06 -1.328536000000000000e+06 -7.030200000000000000e+05 -9.378210000000000000e+05 -3.585158000000000000e+06 -1.750425000000000000e+06 -3.529440000000000000e+05 1.500117000000000000e+06 7.610379000000000000e+06 7.559900000000000000e+05 1.977340000000000000e+05 3.321988000000000000e+06 1.102414000000000000e+06 -1.920953000000000000e+06 -1.558870000000000000e+05 -1.392720000000000000e+05 -2.788970000000000000e+05 -1.496444000000000000e+06
-2.377854000000000000e+06 1.002736000000000000e+06 8.731180000000000000e+05 -1.023659000000000000e+06 -1.615350000000000000e+06 1.318464000000000000e+06 -1.791007000000000000e+06 -1.452943000000000000e+06 1.813001000000000000e+06 -2.118047000000000000e+06 7.559900000000000000e+05 6.825867000000000000e+06 -1.331063000000000000e+06 -2.956984000000000000e+06 1.342158000000000000e+06 8.629200000000000000e+05 -3.928200000000000000e+04 1.117267000000000000e+06 1.749259000000000000e+06 1.007335000000000000e+06
1.716940000000000000e+05 -4.854140000000000000e+05 -9.411400000000000000e+05 2.169764000000000000e+06 2.143496000000000000e+06 3.920055000000000000e+06 3.640819000000000000e+06 2.390778000000000000e+06 -2.807568000000000000e+06 4.490670000000000000e+05 1.977340000000000000e+05 -1.331063000000000000e+06 8.225900000000000000e+06 2.067163000000000000e+06 -7.208490000000000000e+05 1.265317000000000000e+06 -4.926340000000000000e+05 3.310560000000000000e+05 9.159000000000000000e+03 1.192166000000000000e+06
9.149830000000000000e+05 -2.296050000000000000e+05 2.676280000000000000e+05 6.082500000000000000e+05 4.837100000000000000e+04 -3.967750000000000000e+05 -8.291170000000000000e+05 1.073052000000000000e+06 -3.080108000000000000e+06 3.190120000000000000e+06 3.321988000000000000e+06 -2.956984000000000000e+06 2.067163000000000000e+06 5.694881000000000000e+06 -1.077808000000000000e+06 -1.526408000000000000e+06 5.488200000000000000e+04 -1.330959000000000000e+06 -1.300879000000000000e+06 -3.795980000000000000e+05
1.589839000000000000e+06 3.375530000000000000e+05 -1.643850000000000000e+05 7.173690000000000000e+05 6.659100000000000000e+05 -4.045100000000000000e+04 7.212870000000000000e+05 1.774051000000000000e+06 2.792340000000000000e+06 -5.916410000000000000e+05 1.102414000000000000e+06 1.342158000000000000e+06 -7.208490000000000000e+05 -1.077808000000000000e+06 4.794735000000000000e+06 -7.100820000000000000e+05 5.000420000000000000e+05 1.559333000000000000e+06 1.660484000000000000e+06 6.223500000000000000e+05
-8.095850000000000000e+05 2.165226000000000000e+06 1.121620000000000000e+05 2.362014000000000000e+06 -2.004554000000000000e+06 4.850960000000000000e+05 -2.110030000000000000e+05 -2.096178000000000000e+06 -5.728700000000000000e+04 -2.034583000000000000e+06 -1.920953000000000000e+06 8.629200000000000000e+05 1.265317000000000000e+06 -1.526408000000000000e+06 -7.100820000000000000e+05 6.477541000000000000e+06 3.153250000000000000e+05 -7.756300000000000000e+05 2.932204000000000000e+06 -1.070471000000000000e+06
-2.079754000000000000e+06 -2.262935000000000000e+06 6.174380000000000000e+05 -5.159980000000000000e+05 -1.750819000000000000e+06 4.613200000000000000e+05 -3.933530000000000000e+05 6.191000000000000000e+03 -1.227671000000000000e+06 -2.498040000000000000e+05 -1.558870000000000000e+05 -3.928200000000000000e+04 -4.926340000000000000e+05 5.488200000000000000e+04 5.000420000000000000e+05 3.153250000000000000e+05 4.985594000000000000e+06 -1.677948000000000000e+06 -9.768830000000000000e+05 2.697170000000000000e+05
2.101720000000000000e+06 8.414030000000000000e+05 -3.094791000000000000e+06 9.578370000000000000e+05 2.010519000000000000e+06 -5.003280000000000000e+05 2.738641000000000000e+06 6.159970000000000000e+05 1.437526000000000000e+06 -5.787260000000000000e+05 -1.392720000000000000e+05 1.117267000000000000e+06 3.310560000000000000e+05 -1.330959000000000000e+06 1.559333000000000000e+06 -7.756300000000000000e+05 -1.677948000000000000e+06 7.060438000000000000e+06 6.703500000000000000e+05 1.125197000000000000e+06
2.727980000000000000e+05 1.713250000000000000e+06 3.888870000000000000e+05 1.770919000000000000e+06 -2.962340000000000000e+05 1.190795000000000000e+06 5.282510000000000000e+05 -9.431100000000000000e+04 1.028113000000000000e+06 -3.315200000000000000e+04 -2.788970000000000000e+05 1.749259000000000000e+06 9.159000000000000000e+03 -1.300879000000000000e+06 1.660484000000000000e+06 2.932204000000000000e+06 -9.768830000000000000e+05 6.703500000000000000e+05 4.803414000000000000e+06 1.519725000000000000e+06
1.010459000000000000e+06 6.614640000000000000e+05 -1.866553000000000000e+06 8.676900000000000000e+04 -2.686720000000000000e+05 1.782999000000000000e+06 8.544250000000000000e+05 2.917420000000000000e+05 -2.478220000000000000e+05 6.108310000000000000e+05 -1.496444000000000000e+06 1.007335000000000000e+06 1.192166000000000000e+06 -3.795980000000000000e+05 6.223500000000000000e+05 -1.070471000000000000e+06 2.697170000000000000e+05 1.125197000000000000e+06 1.519725000000000000e+06 8.723229000000000000e+06
