6.197862000000000000e+06 1.548300000000000000e+04 4.148247000000000000e+06 -1.301822000000000000e+06 -2.942929000000000000e+06 -4.794180000000000000e+05 -1.416971000000000000e+06 -1.177240000000000000e+06 9.845020000000000000e+05 -1.719437000000000000e+06 -1.508238000000000000e+06 -5.509870000000000000e+05 -1.089877000000000000e+06 -4.769860000000000000e+05 -1.542601000000000000e+06 -2.864589000000000000e+06 -7.657800000000000000e+05 -5.613330000000000000e+05 1.391299000000000000e+06 1.060226000000000000e+06
1.548300000000000000e+04 5.673833000000000000e+06 -4.029320000000000000e+05 -1.044298000000000000e+06 -1.608223000000000000e+06 1.456440000000000000e+06 7.554200000000000000e+04 -7.955760000000000000e+05 1.027158000000000000e+06 8.449150000000000000e+05 -6.713500000000000000e+05 9.774950000000000000e+05 -8.011530000000000000e+05 -2.518760000000000000e+05 3.681480000000000000e+05 -7.870780000000000000e+05 2.576046000000000000e+06 1.091704000000000000e+06 -1.825122000000000000e+06 -2.592599000000000000e+06
4.148247000000000000e+06 -4.029320000000000000e+05 8.688719000000000000e+06 -1.308060000000000000e+05 4.872840000000000000e+05 -1.158400000000000000e+05 -5.780470000000000000e+05 2.449782000000000000e+06 -1.374161000000000000e+06 -3.797012000000000000e+06 9.715180000000000000e+05 -1.010077000000000000e+06 -1.043165000000000000e+06 1.975620000000000000e+05 -9.842520000000000000e+05 -1.822959000000000000e+06 -1.270270000000000000e+05 2.522571000000000000e+06 2.218043000000000000e+06 3.025137000000000000e+06
-1.301822000000000000e+06 -1.044298000000000000e+06 -1.308060000000000000e+05 7.335698000000000000e+06 -2.357440000000000000e+05 2.017477000000000000e+06 9.208000000000000000e+03 3.791880000000000000e+06 2.331964000000000000e+06 2.416369000000000000e+06 1.489417000000000000e+06 -1.071593000000000000e+06 -1.414574000000000000e+06 1.152570000000000000e+06 -3.892852000000000000e+06 1.850814000000000000e+06 8.664260000000000000e+05 1.828084000000000000e+06 1.984300000000000000e+06 1.441418000000000000e+06
-2.942929000000000000e+06 -1.608223000000000000e+06 4.872840000000000000e+05 -2.357440000000000000e+05 7.461071000000000000e+06 1.916445000000000000e+06 2.583571000000000000e+06 8.387210000000000000e+05 -2.746868000000000000e+06 -2.172488000000000000e+06 1.125429000000000000e+06 -1.278085000000000000e+06 2.354590000000000000e+06 1.132508000000000000e+06 5.096250000000000000e+05 2.209463000000000000e+06 -8.432200000000000000e+04 3.129410000000000000e+05 -4.190630000000000000e+05 1.193030000000000000e+06
-4.794180000000000000e+05 1.456440000000000000e+06 -1.158400000000000000e+05 2.017477000000000000e+06 1.916445000000000000e+06 5.562805000000000000e+06 -7.344640000000000000e+05 -7.521390000000000000e+05 2.315243000000000000e+06 1.868880000000000000e+05 6.453400000000000000e+04 -9.822780000000000000e+05 3.738900000000000000e+04 1.993494000000000000e+06 -3.010816000000000000e+06 4.966200000000000000e+04 5.392550000000000000e+05 1.760150000000000000e+06 -9.621000000000000000e+05 -4.111570000000000000e+05
-1.416971000000000000e+06 7.554200000000000000e+04 -5.780470000000000000e+05 9.208000000000000000e+03 2.583571000000000000e+06 -7.344640000000000000e+05 5.292131000000000000e+06 1.793436000000000000e+06 -4.583410000000000000e+05 2.898500000000000000e+04 -6.703200000000000000e+04 1.545315000000000000e+06 -5.322220000000000000e+05 -6.041630000000000000e+05 4.597880000000000000e+05 1.157876000000000000e+06 -3.345550000000000000e+05 1.122741000000000000e+06 3.157640000000000000e+05 -8.552680000000000000e+05
-1.177240000000000000e+06 -7.955760000000000000e+05 2.449782000000000000e+06 3.791880000000000000e+06 8.387210000000000000e+05 -7.521390000000000000e+05 1.793436000000000000e+06 8.346372000000000000e+06 -9.471530000000000000e+05 -5.732320000000000000e+05 1.109457000000000000e+06 1.711239000000000000e+06 -8.098640000000000000e+05 1.430432000000000000e+06 -8.468650000000000000e+05 2.907680000000000000e+05 3.640283000000000000e+06 1.699016000000000000e+06 4.689472000000000000e+06 1.077834000000000000e+06
9.845020000000000000e+05 1.027158000000000000e+06 -1.374161000000000000e+06 2.331964000000000000e+06 -2.746868000000000000e+06 2.315243000000000000e+06 -4.583410000000000000e+05 -9.471530000000000000e+05 5.381603000000000000e+06 2.695312000000000000e+06 1.122344000000000000e+06 1.353510000000000000e+06 -3.753970000000000000e+05 5.424880000000000000e+05 -4.381807000000000000e+06 -2.296050000000000000e+05 2.533330000000000000e+05 6.852280000000000000e+05 -6.588500000000000000e+05 -1.340941000000000000e+06
-1.719437000000000000e+06 8.449150000000000000e+05 -3.797012000000000000e+06 2.416369000000000000e+06 -2.172488000000000000e+06 1.868880000000000000e+05 2.898500000000000000e+04 -5.732320000000000000e+05 2.695312000000000000e+06 5.931130000000000000e+06 2.792400000000000000e+05 -5.359920000000000000e+05 4.661730000000000000e+05 8.986820000000000000e+05 -1.563604000000000000e+06 1.555607000000000000e+06 5.303600000000000000e+04 -2.646131000000000000e+06 -2.913510000000000000e+06 -4.555210000000000000e+05
-1.508238000000000000e+06 -6.713500000000000000e+05 9.715180000000000000e+05 1.489417000000000000e+06 1.125429000000000000e+06 6.453400000000000000e+04 -6.703200000000000000e+04 1.109457000000000000e+06 1.122344000000000000e+06 2.792400000000000000e+05 6.241673000000000000e+06 1.040040000000000000e+06 6.623540000000000000e+05 5.210830000000000000e+05 -8.773900000000000000e+04 2.139968000000000000e+06 2.933670000000000000e+05 2.309592000000000000e+06 -1.182413000000000000e+06 6.292480000000000000e+05
-5.509870000000000000e+05 9.774950000000000000e+05 -1.010077000000000000e+06 -1.071593000000000000e+06 -1.278085000000000000e+06 -9.822780000000000000e+05 1.545315000000000000e+06 1.711239000000000000e+06 1.353510000000000000e+06 -5.359920000000000000e+05 1.040040000000000000e+06 7.158859000000000000e+06 8.117870000000000000e+05 7.122300000000000000e+04 1.115306000000000000e+06 -1.614424000000000000e+06 6.770450000000000000e+05 2.727156000000000000e+06 1.462598000000000000e+06 -2.062286000000000000e+06
-1.089877000000000000e+06 -8.011530000000000000e+05 -1.043165000000000000e+06 -1.414574000000000000e+06 2.354590000000000000e+06 3.738900000000000000e+04 -5.322220000000000000e+05 -8.098640000000000000e+05 -3.753970000000000000e+05 4.661730000000000000e+05 6.623540000000000000e+05 8.117870000000000000e+05 5.570334000000000000e+06 2.518840000000000000e+06 -2.147800000000000000e+04 -3.620430000000000000e+05 1.297844000000000000e+06 -2.434149000000000000e+06 -2.210949000000000000e+06 -1.221470000000000000e+05
-4.769860000000000000e+05 -2.518760000000000000e+05 1.975620000000000000e+05 1.152570000000000000e+06 1.132508000000000000e+06 1.993494000000000000e+06 -6.041630000000000000e+05 1.430432000000000000e+06 5.424880000000000000e+05 8.986820000000000000e+05 5.210830000000000000e+05 7.122300000000000000e+04 2.518840000000000000e+06 5.257727000000000000e+06 -1.594847000000000000e+06 -1.240253000000000000e+06 1.273594000000000000e+06 -7.272500000000000000e+05 -1.853206000000000000e+06 -2.565300000000000000e+05
-1.542601000000000000e+06 3.681480000000000000e+05 -9.842520000000000000e+05 -3.892852000000000000e+06 5.096250000000000000e+05 -3.010816000000000000e+06 4.597880000000000000e+05 -8.468650000000000000e+05 -4.381807000000000000e+06 -1.563604000000000000e+06 -8.773900000000000000e+04 1.115306000000000000e+06 -2.147800000000000000e+04 -1.594847000000000000e+06 7.961052000000000000e+06 7.986050000000000000e+05 -9.062120000000000000e+05 3.811950000000000000e+05 -8.623580000000000000e+05 -8.005660000000000000e+05
-2.864589000000000000e+06 -7.870780000000000000e+05 -1.822959000000000000e+06 1.850814000000000000e+06 2.209463000000000000e+06 4.966200000000000000e+04 1.157876000000000000e+06 2.907680000000000000e+05 -2.296050000000000000e+05 1.555607000000000000e+06 2.139968000000000000e+06 -1.614424000000000000e+06 -3.620430000000000000e+05 -1.240253000000000000e+06 7.986050000000000000e+05 4.458148000000000000e+06 1.907970000000000000e+05 -4.121410000000000000e+05 -3.192550000000000000e+05 6.116640000000000000e+05
-7.657800000000000000e+05 2.576046000000000000e+06 -1.270270000000000000e+05 8.664260000000000000e+05 -8.432200000000000000e+04 5.392550000000000000e+05 -3.345550000000000000e+05 3.640283000000000000e+06 2.533330000000000000e+05 5.303600000000000000e+04 2.933670000000000000e+05 6.770450000000000000e+05 1.297844000000000000e+06 1.273594000000000000e+06 -9.062120000000000000e+05 1.907970000000000000e+05 6.117824000000000000e+06 -4.162600000000000000e+04 1.847524000000000000e+06 -1.086767000000000000e+06
-5.613330000000000000e+05 1.091704000000000000e+06 2.522571000000000000e+06 1.828084000000000000e+06 3.129410000000000000e+05 1.760150000000000000e+06 1.122741000000000000e+06 1.699016000000000000e+06 6.852280000000000000e+05 -2.646131000000000000e+06 2.309592000000000000e+06 2.727156000000000000e+06 -2.434149000000000000e+06 -7.272500000000000000e+05 3.811950000000000000e+05 -4.121410000000000000e+05 -4.162600000000000000e+04 9.154545000000000000e+06 2.287656000000000000e+06 -1.523090000000000000e+05
1.391299000000000000e+06 -1.825122000000000000e+06 2.218043000000000000e+06 1.984300000000000000e+06 -4.190630000000000000e+05 -9.621000000000000000e+05 3.157640000000000000e+05 4.689472000000000000e+06 -6.588500000000000000e+05 -2.913510000000000000e+06 -1.182413000000000000e+06 1.462598000000000000e+06 -2.210949000000000000e+06 -1.853206000000000000e+06 -8.623580000000000000e+05 -3.192550000000000000e+05 1.847524000000000000e+06 2.287656000000000000e+06 7.454092000000000000e+06 1.337316000000000000e+06
1.060226000000000000e+06 -2.592599000000000000e+06 3.025137000000000000e+06 1.441418000000000000e+06 1.193030000000000000e+06 -4.111570000000000000e+05 -8.552680000000000000e+05 1.077834000000000000e+06 -1.340941000000000000e+06 -4.555210000000000000e+05 6.292480000000000000e+05 -2.062286000000000000e+06 -1.221470000000000000e+05 -2.565300000000000000e+05 -8.005660000000000000e+05 6.116640000000000000e+05 -1.086767000000000000e+06 -1.523090000000000000e+05 1.337316000000000000e+06 4.440673000000000000e+06
