7.795689000000000000e+06 -1.270887000000000000e+06 1.123628000000000000e+06 -3.015283000000000000e+06 9.463000000000000000e+05 6.909880000000000000e+05 4.757040000000000000e+05 -5.288500000000000000e+04 1.721307000000000000e+06 -7.278130000000000000e+05 -3.982890000000000000e+05 -7.205000000000000000e+04 -1.534132000000000000e+06 -2.864754000000000000e+06 -1.808409000000000000e+06 4.563700000000000000e+04 2.417421000000000000e+06 1.469522000000000000e+06 -4.659110000000000000e+05 -2.131880000000000000e+05
-1.270887000000000000e+06 6.583266000000000000e+06 1.334955000000000000e+06 -1.877580000000000000e+06 -2.160410000000000000e+05 2.062814000000000000e+06 -3.252734000000000000e+06 2.556131000000000000e+06 6.587220000000000000e+05 -1.243444000000000000e+06 -4.079742000000000000e+06 -5.132540000000000000e+05 -6.171540000000000000e+05 -5.599230000000000000e+05 6.121820000000000000e+05 1.207090000000000000e+05 -3.336180000000000000e+05 9.684230000000000000e+05 1.185588000000000000e+06 1.285270000000000000e+05
1.123628000000000000e+06 1.334955000000000000e+06 8.621124000000000000e+06 -3.220930000000000000e+05 1.414811000000000000e+06 1.489034000000000000e+06 -8.687130000000000000e+05 5.346910000000000000e+05 3.663896000000000000e+06 6.867800000000000000e+04 7.055200000000000000e+04 6.759670000000000000e+05 3.383320000000000000e+05 1.441479000000000000e+06 3.753460000000000000e+05 1.231365000000000000e+06 -7.170700000000000000e+05 -1.187880000000000000e+05 -2.071654000000000000e+06 -1.178222000000000000e+06
-3.015283000000000000e+06 -1.877580000000000000e+06 -3.220930000000000000e+05 7.426053000000000000e+06 7.302060000000000000e+05 4.572200000000000000e+04 2.995502000000000000e+06 -1.426862000000000000e+06 -4.850290000000000000e+05 -7.093410000000000000e+05 8.222940000000000000e+05 2.125024000000000000e+06 1.032720000000000000e+05 2.958760000000000000e+06 2.109233000000000000e+06 1.145666000000000000e+06 -2.691827000000000000e+06 -1.998340000000000000e+06 -1.298832000000000000e+06 1.307742000000000000e+06
9.463000000000000000e+05 -2.160410000000000000e+05 1.414811000000000000e+06 7.302060000000000000e+05 5.096492000000000000e+06 -1.137191000000000000e+06 1.964995000000000000e+06 -1.152177000000000000e+06 2.111549000000000000e+06 1.133394000000000000e+06 5.520760000000000000e+05 -7.010200000000000000e+05 2.885440000000000000e+05 1.796677000000000000e+06 -8.926180000000000000e+05 1.074634000000000000e+06 7.913590000000000000e+05 -1.776183000000000000e+06 -1.948360000000000000e+06 1.707460000000000000e+05
6.909880000000000000e+05 2.062814000000000000e+06 1.489034000000000000e+06 4.572200000000000000e+04 -1.137191000000000000e+06 7.024670000000000000e+06 -4.521010000000000000e+05 5.026760000000000000e+05 3.065107000000000000e+06 -2.344755000000000000e+06 -1.471888000000000000e+06 5.206480000000000000e+05 -1.316456000000000000e+06 -7.137890000000000000e+05 -1.122526000000000000e+06 7.020420000000000000e+05 1.065628000000000000e+06 1.254517000000000000e+06 -1.147075000000000000e+06 -2.348382000000000000e+06
4.757040000000000000e+05 -3.252734000000000000e+06 -8.687130000000000000e+05 2.995502000000000000e+06 1.964995000000000000e+06 -4.521010000000000000e+05 7.576988000000000000e+06 -2.304161000000000000e+06 7.624120000000000000e+05 2.471096000000000000e+06 3.291008000000000000e+06 4.877530000000000000e+05 1.517488000000000000e+06 2.934346000000000000e+06 1.131916000000000000e+06 2.399715000000000000e+06 5.700140000000000000e+05 -1.605189000000000000e+06 -4.376570000000000000e+05 4.522400000000000000e+04
-5.288500000000000000e+04 2.556131000000000000e+06 5.346910000000000000e+05 -1.426862000000000000e+06 -1.152177000000000000e+06 5.026760000000000000e+05 -2.304161000000000000e+06 6.516952000000000000e+06 8.807600000000000000e+04 -2.926500000000000000e+04 -1.833778000000000000e+06 -3.600740000000000000e+05 -1.934979000000000000e+06 4.214950000000000000e+05 -2.900561000000000000e+06 7.507470000000000000e+05 -1.478127000000000000e+06 1.259820000000000000e+05 1.651819000000000000e+06 -1.692720000000000000e+05
1.721307000000000000e+06 6.587220000000000000e+05 3.663896000000000000e+06 -4.850290000000000000e+05 2.111549000000000000e+06 3.065107000000000000e+06 7.624120000000000000e+05 8.807600000000000000e+04 7.045270000000000000e+06 1.009844000000000000e+06 -6.826960000000000000e+05 1.405580000000000000e+06 -1.641480000000000000e+06 1.255116000000000000e+06 -2.223388000000000000e+06 1.398884000000000000e+06 4.820580000000000000e+05 4.890720000000000000e+05 -1.060489000000000000e+06 -1.836218000000000000e+06
-7.278130000000000000e+05 -1.243444000000000000e+06 6.867800000000000000e+04 -7.093410000000000000e+05 1.133394000000000000e+06 -2.344755000000000000e+06 2.471096000000000000e+06 -2.926500000000000000e+04 1.009844000000000000e+06 8.867864000000000000e+06 2.135868000000000000e+06 -2.899710000000000000e+05 1.188025000000000000e+06 5.389590000000000000e+05 -1.222454000000000000e+06 5.912140000000000000e+05 1.019939000000000000e+06 5.890150000000000000e+05 -9.129870000000000000e+05 -2.386923000000000000e+06
-3.982890000000000000e+05 -4.079742000000000000e+06 7.055200000000000000e+04 8.222940000000000000e+05 5.520760000000000000e+05 -1.471888000000000000e+06 3.291008000000000000e+06 -1.833778000000000000e+06 -6.826960000000000000e+05 2.135868000000000000e+06 7.730961000000000000e+06 -5.941890000000000000e+05 2.814368000000000000e+06 9.807100000000000000e+04 -1.407387000000000000e+06 3.172800000000000000e+05 2.627220000000000000e+05 -1.446330000000000000e+06 -1.961391000000000000e+06 -5.345760000000000000e+05
-7.205000000000000000e+04 -5.132540000000000000e+05 6.759670000000000000e+05 2.125024000000000000e+06 -7.010200000000000000e+05 5.206480000000000000e+05 4.877530000000000000e+05 -3.600740000000000000e+05 1.405580000000000000e+06 -2.899710000000000000e+05 -5.941890000000000000e+05 5.311568000000000000e+06 1.641807000000000000e+06 8.351240000000000000e+05 -2.078880000000000000e+05 7.481280000000000000e+05 -4.653687000000000000e+06 -7.031610000000000000e+05 1.095340000000000000e+05 6.713450000000000000e+05
-1.534132000000000000e+06 -6.171540000000000000e+05 3.383320000000000000e+05 1.032720000000000000e+05 2.885440000000000000e+05 -1.316456000000000000e+06 1.517488000000000000e+06 -1.934979000000000000e+06 -1.641480000000000000e+06 1.188025000000000000e+06 2.814368000000000000e+06 1.641807000000000000e+06 5.041755000000000000e+06 1.085094000000000000e+06 3.935510000000000000e+05 3.507730000000000000e+05 -1.858827000000000000e+06 -1.459673000000000000e+06 4.360500000000000000e+05 -4.618690000000000000e+05
-2.864754000000000000e+06 -5.599230000000000000e+05 1.441479000000000000e+06 2.958760000000000000e+06 1.796677000000000000e+06 -7.137890000000000000e+05 2.934346000000000000e+06 4.214950000000000000e+05 1.255116000000000000e+06 5.389590000000000000e+05 9.807100000000000000e+04 8.351240000000000000e+05 1.085094000000000000e+06 5.121986000000000000e+06 3.879080000000000000e+05 1.525426000000000000e+06 -2.351322000000000000e+06 -2.227552000000000000e+06 7.279620000000000000e+05 9.760100000000000000e+04
-1.808409000000000000e+06 6.121820000000000000e+05 3.753460000000000000e+05 2.109233000000000000e+06 -8.926180000000000000e+05 -1.122526000000000000e+06 1.131916000000000000e+06 -2.900561000000000000e+06 -2.223388000000000000e+06 -1.222454000000000000e+06 -1.407387000000000000e+06 -2.078880000000000000e+05 3.935510000000000000e+05 3.879080000000000000e+05 6.000548000000000000e+06 9.260810000000000000e+05 2.418840000000000000e+05 -1.433220000000000000e+05 2.706400000000000000e+05 8.980160000000000000e+05
4.563700000000000000e+04 1.207090000000000000e+05 1.231365000000000000e+06 1.145666000000000000e+06 1.074634000000000000e+06 7.020420000000000000e+05 2.399715000000000000e+06 7.507470000000000000e+05 1.398884000000000000e+06 5.912140000000000000e+05 3.172800000000000000e+05 7.481280000000000000e+05 3.507730000000000000e+05 1.525426000000000000e+06 9.260810000000000000e+05 5.264011000000000000e+06 -3.057050000000000000e+05 -2.958049000000000000e+06 6.699470000000000000e+05 -1.735746000000000000e+06
2.417421000000000000e+06 -3.336180000000000000e+05 -7.170700000000000000e+05 -2.691827000000000000e+06 7.913590000000000000e+05 1.065628000000000000e+06 5.700140000000000000e+05 -1.478127000000000000e+06 4.820580000000000000e+05 1.019939000000000000e+06 2.627220000000000000e+05 -4.653687000000000000e+06 -1.858827000000000000e+06 -2.351322000000000000e+06 2.418840000000000000e+05 -3.057050000000000000e+05 8.782966000000000000e+06 2.941606000000000000e+06 6.745800000000000000e+05 -2.635222000000000000e+06
1.469522000000000000e+06 9.684230000000000000e+05 -1.187880000000000000e+05 -1.998340000000000000e+06 -1.776183000000000000e+06 1.254517000000000000e+06 -1.605189000000000000e+06 1.259820000000000000e+05 4.890720000000000000e+05 5.890150000000000000e+05 -1.446330000000000000e+06 -7.031610000000000000e+05 -1.459673000000000000e+06 -2.227552000000000000e+06 -1.433220000000000000e+05 -2.958049000000000000e+06 2.941606000000000000e+06 6.464025000000000000e+06 -7.457700000000000000e+04 -2.517765000000000000e+06
-4.659110000000000000e+05 1.185588000000000000e+06 -2.071654000000000000e+06 -1.298832000000000000e+06 -1.948360000000000000e+06 -1.147075000000000000e+06 -4.376570000000000000e+05 1.651819000000000000e+06 -1.060489000000000000e+06 -9.129870000000000000e+05 -1.961391000000000000e+06 1.095340000000000000e+05 4.360500000000000000e+05 7.279620000000000000e+05 2.706400000000000000e+05 6.699470000000000000e+05 6.745800000000000000e+05 -7.457700000000000000e+04 6.704757000000000000e+06 -7.603400000000000000e+04
-2.131880000000000000e+05 1.285270000000000000e+05 -1.178222000000000000e+06 1.307742000000000000e+06 1.707460000000000000e+05 -2.348382000000000000e+06 4.522400000000000000e+04 -1.692720000000000000e+05 -1.836218000000000000e+06 -2.386923000000000000e+06 -5.345760000000000000e+05 6.713450000000000000e+05 -4.618690000000000000e+05 9.760100000000000000e+04 8.980160000000000000e+05 -1.735746000000000000e+06 -2.635222000000000000e+06 -2.517765000000000000e+06 -7.603400000000000000e+04 8.424806000000000000e+06
