6.530403000000000000e+06 -1.703049000000000000e+06 -1.441438000000000000e+06 -3.096081000000000000e+06 9.431220000000000000e+05 1.822584000000000000e+06 -1.925887000000000000e+06 7.941520000000000000e+05 -3.248245000000000000e+06 -9.631470000000000000e+05 -3.883990000000000000e+05 -1.367473000000000000e+06 -1.630580000000000000e+06 -9.612290000000000000e+05 4.590720000000000000e+05 -1.299102000000000000e+06 4.410600000000000000e+04 2.275315000000000000e+06 -3.694657000000000000e+06 4.316120000000000000e+05
-1.703049000000000000e+06 6.964802000000000000e+06 1.445334000000000000e+06 -6.700410000000000000e+05 -6.068930000000000000e+05 -1.572020000000000000e+05 3.461000000000000000e+05 1.651835000000000000e+06 -4.941550000000000000e+05 4.418490000000000000e+05 -8.341290000000000000e+05 1.262048000000000000e+06 2.039329000000000000e+06 1.009079000000000000e+06 7.404570000000000000e+05 -3.245700000000000000e+05 2.332514000000000000e+06 7.989300000000000000e+05 9.314400000000000000e+04 -4.299590000000000000e+05
-1.441438000000000000e+06 1.445334000000000000e+06 5.327616000000000000e+06 1.183029000000000000e+06 -3.683310000000000000e+05 5.685080000000000000e+05 7.078450000000000000e+05 6.628000000000000000e+05 3.380520000000000000e+05 9.094960000000000000e+05 1.543196000000000000e+06 9.052000000000000000e+05 5.429950000000000000e+05 1.331833000000000000e+06 -3.961510000000000000e+05 6.572410000000000000e+05 -1.464038000000000000e+06 -1.090490000000000000e+06 1.978131000000000000e+06 6.365740000000000000e+05
-3.096081000000000000e+06 -6.700410000000000000e+05 1.183029000000000000e+06 7.053721000000000000e+06 5.065260000000000000e+05 -2.565055000000000000e+06 1.022336000000000000e+06 2.882150000000000000e+05 3.208552000000000000e+06 1.955270000000000000e+06 -1.413859000000000000e+06 -9.438000000000000000e+05 2.079611000000000000e+06 5.956770000000000000e+05 -8.807840000000000000e+05 9.321130000000000000e+05 -6.828600000000000000e+05 -3.318525000000000000e+06 4.205389000000000000e+06 -1.841040000000000000e+05
9.431220000000000000e+05 -6.068930000000000000e+05 -3.683310000000000000e+05 5.065260000000000000e+05 5.371148000000000000e+06 3.149377000000000000e+06 -8.371620000000000000e+05 -3.152400000000000000e+05 -2.103191000000000000e+06 -7.989290000000000000e+05 -1.154036000000000000e+06 -1.260460000000000000e+05 6.392030000000000000e+05 -8.258580000000000000e+05 -1.506367000000000000e+06 -4.177580000000000000e+05 -2.004600000000000000e+05 2.153165000000000000e+06 1.001000000000000000e+04 2.017187000000000000e+06
1.822584000000000000e+06 -1.572020000000000000e+05 5.685080000000000000e+05 -2.565055000000000000e+06 3.149377000000000000e+06 9.015545000000000000e+06 -4.193029000000000000e+06 1.222530000000000000e+06 -3.080020000000000000e+06 -3.106653000000000000e+06 -5.738980000000000000e+05 1.985367000000000000e+06 -5.159660000000000000e+05 -1.486436000000000000e+06 -2.831715000000000000e+06 -9.781140000000000000e+05 -7.627950000000000000e+05 1.601417000000000000e+06 -7.265350000000000000e+05 1.622691000000000000e+06
-1.925887000000000000e+06 3.461000000000000000e+05 7.078450000000000000e+05 1.022336000000000000e+06 -8.371620000000000000e+05 -4.193029000000000000e+06 8.745049000000000000e+06 4.167820000000000000e+05 2.740008000000000000e+06 1.392620000000000000e+06 -9.746300000000000000e+04 6.825430000000000000e+05 9.504000000000000000e+04 1.779478000000000000e+06 2.354766000000000000e+06 -1.561333000000000000e+06 -3.285770000000000000e+06 -8.438990000000000000e+05 1.598852000000000000e+06 1.050960000000000000e+05
7.941520000000000000e+05 1.651835000000000000e+06 6.628000000000000000e+05 2.882150000000000000e+05 -3.152400000000000000e+05 1.222530000000000000e+06 4.167820000000000000e+05 5.938951000000000000e+06 1.248759000000000000e+06 -2.632490000000000000e+05 -1.104436000000000000e+06 -1.288336000000000000e+06 -6.458800000000000000e+04 -1.378485000000000000e+06 1.307233000000000000e+06 -1.640300000000000000e+05 -2.738893000000000000e+06 7.090370000000000000e+05 -2.023930000000000000e+05 -8.820500000000000000e+05
-3.248245000000000000e+06 -4.941550000000000000e+05 3.380520000000000000e+05 3.208552000000000000e+06 -2.103191000000000000e+06 -3.080020000000000000e+06 2.740008000000000000e+06 1.248759000000000000e+06 5.957008000000000000e+06 2.902289000000000000e+06 -1.532170000000000000e+05 -6.717920000000000000e+05 -5.817830000000000000e+05 1.514767000000000000e+06 1.441150000000000000e+06 4.038230000000000000e+05 -1.611086000000000000e+06 -1.263596000000000000e+06 2.202413000000000000e+06 -2.631430000000000000e+05
-9.631470000000000000e+05 4.418490000000000000e+05 9.094960000000000000e+05 1.955270000000000000e+06 -7.989290000000000000e+05 -3.106653000000000000e+06 1.392620000000000000e+06 -2.632490000000000000e+05 2.902289000000000000e+06 7.068561000000000000e+06 -3.701170000000000000e+05 -6.295670000000000000e+05 -2.697416000000000000e+06 2.162242000000000000e+06 1.754048000000000000e+06 5.079850000000000000e+05 1.240534000000000000e+06 -8.542020000000000000e+05 4.512650000000000000e+05 1.280840000000000000e+05
-3.883990000000000000e+05 -8.341290000000000000e+05 1.543196000000000000e+06 -1.413859000000000000e+06 -1.154036000000000000e+06 -5.738980000000000000e+05 -9.746300000000000000e+04 -1.104436000000000000e+06 -1.532170000000000000e+05 -3.701170000000000000e+05 3.906328000000000000e+06 -1.043115000000000000e+06 -2.826800000000000000e+04 1.382710000000000000e+06 9.066550000000000000e+05 2.492090000000000000e+05 4.813230000000000000e+05 3.172580000000000000e+05 -1.430441000000000000e+06 3.848700000000000000e+05
-1.367473000000000000e+06 1.262048000000000000e+06 9.052000000000000000e+05 -9.438000000000000000e+05 -1.260460000000000000e+05 1.985367000000000000e+06 6.825430000000000000e+05 -1.288336000000000000e+06 -6.717920000000000000e+05 -6.295670000000000000e+05 -1.043115000000000000e+06 5.110509000000000000e+06 1.215700000000000000e+06 1.404916000000000000e+06 -1.022948000000000000e+06 7.196140000000000000e+05 -3.038050000000000000e+05 -1.125314000000000000e+06 2.141108000000000000e+06 5.620660000000000000e+05
-1.630580000000000000e+06 2.039329000000000000e+06 5.429950000000000000e+05 2.079611000000000000e+06 6.392030000000000000e+05 -5.159660000000000000e+05 9.504000000000000000e+04 -6.458800000000000000e+04 -5.817830000000000000e+05 -2.697416000000000000e+06 -2.826800000000000000e+04 1.215700000000000000e+06 8.472082000000000000e+06 2.612855000000000000e+06 -2.687124000000000000e+06 2.403794000000000000e+06 2.181850000000000000e+05 3.302810000000000000e+05 1.053732000000000000e+06 -8.632000000000000000e+05
-9.612290000000000000e+05 1.009079000000000000e+06 1.331833000000000000e+06 5.956770000000000000e+05 -8.258580000000000000e+05 -1.486436000000000000e+06 1.779478000000000000e+06 -1.378485000000000000e+06 1.514767000000000000e+06 2.162242000000000000e+06 1.382710000000000000e+06 1.404916000000000000e+06 2.612855000000000000e+06 5.883988000000000000e+06 1.239324000000000000e+06 2.096888000000000000e+06 2.999520000000000000e+05 -3.123310000000000000e+05 -3.046850000000000000e+05 6.124430000000000000e+05
4.590720000000000000e+05 7.404570000000000000e+05 -3.961510000000000000e+05 -8.807840000000000000e+05 -1.506367000000000000e+06 -2.831715000000000000e+06 2.354766000000000000e+06 1.307233000000000000e+06 1.441150000000000000e+06 1.754048000000000000e+06 9.066550000000000000e+05 -1.022948000000000000e+06 -2.687124000000000000e+06 1.239324000000000000e+06 6.468183000000000000e+06 4.213630000000000000e+05 -1.099647000000000000e+06 -5.398960000000000000e+05 -1.626617000000000000e+06 4.122650000000000000e+05
-1.299102000000000000e+06 -3.245700000000000000e+05 6.572410000000000000e+05 9.321130000000000000e+05 -4.177580000000000000e+05 -9.781140000000000000e+05 -1.561333000000000000e+06 -1.640300000000000000e+05 4.038230000000000000e+05 5.079850000000000000e+05 2.492090000000000000e+05 7.196140000000000000e+05 2.403794000000000000e+06 2.096888000000000000e+06 4.213630000000000000e+05 5.243848000000000000e+06 -4.622610000000000000e+05 -1.643207000000000000e+06 6.495840000000000000e+05 -3.829450000000000000e+05
4.410600000000000000e+04 2.332514000000000000e+06 -1.464038000000000000e+06 -6.828600000000000000e+05 -2.004600000000000000e+05 -7.627950000000000000e+05 -3.285770000000000000e+06 -2.738893000000000000e+06 -1.611086000000000000e+06 1.240534000000000000e+06 4.813230000000000000e+05 -3.038050000000000000e+05 2.181850000000000000e+05 2.999520000000000000e+05 -1.099647000000000000e+06 -4.622610000000000000e+05 6.684653000000000000e+06 7.122400000000000000e+05 -1.788506000000000000e+06 1.427980000000000000e+05
2.275315000000000000e+06 7.989300000000000000e+05 -1.090490000000000000e+06 -3.318525000000000000e+06 2.153165000000000000e+06 1.601417000000000000e+06 -8.438990000000000000e+05 7.090370000000000000e+05 -1.263596000000000000e+06 -8.542020000000000000e+05 3.172580000000000000e+05 -1.125314000000000000e+06 3.302810000000000000e+05 -3.123310000000000000e+05 -5.398960000000000000e+05 -1.643207000000000000e+06 7.122400000000000000e+05 6.062572000000000000e+06 -3.447323000000000000e+06 -9.197400000000000000e+04
-3.694657000000000000e+06 9.314400000000000000e+04 1.978131000000000000e+06 4.205389000000000000e+06 1.001000000000000000e+04 -7.265350000000000000e+05 1.598852000000000000e+06 -2.023930000000000000e+05 2.202413000000000000e+06 4.512650000000000000e+05 -1.430441000000000000e+06 2.141108000000000000e+06 1.053732000000000000e+06 -3.046850000000000000e+05 -1.626617000000000000e+06 6.495840000000000000e+05 -1.788506000000000000e+06 -3.447323000000000000e+06 7.472619000000000000e+06 2.572800000000000000e+04
4.316120000000000000e+05 -4.299590000000000000e+05 6.365740000000000000e+05 -1.841040000000000000e+05 2.017187000000000000e+06 1.622691000000000000e+06 1.050960000000000000e+05 -8.820500000000000000e+05 -2.631430000000000000e+05 1.280840000000000000e+05 3.848700000000000000e+05 5.620660000000000000e+05 -8.632000000000000000e+05 6.124430000000000000e+05 4.122650000000000000e+05 -3.829450000000000000e+05 1.427980000000000000e+05 -9.197400000000000000e+04 2.572800000000000000e+04 4.393667000000000000e+06
