5.928143000000000000e+06 -9.634210000000000000e+05 -8.291830000000000000e+05 9.800980000000000000e+05 -9.922690000000000000e+05 5.328080000000000000e+05 -4.514000000000000000e+03 -1.111360000000000000e+06 7.563600000000000000e+05 3.837760000000000000e+05 1.225457000000000000e+06 -2.248706000000000000e+06 1.396310000000000000e+05 -7.832030000000000000e+05 1.750373000000000000e+06 3.039326000000000000e+06 6.928860000000000000e+05 -6.354860000000000000e+05 5.518710000000000000e+05 1.766427000000000000e+06
-9.634210000000000000e+05 6.114292000000000000e+06 -1.995240000000000000e+06 1.380734000000000000e+06 -1.320140000000000000e+06 -2.641633000000000000e+06 -4.502190000000000000e+05 -1.479290000000000000e+05 -2.247017000000000000e+06 -8.121370000000000000e+05 1.441789000000000000e+06 2.070417000000000000e+06 -1.540964000000000000e+06 4.123800000000000000e+05 4.295760000000000000e+05 -6.958930000000000000e+05 1.656049000000000000e+06 -7.897610000000000000e+05 1.666130000000000000e+05 2.085366000000000000e+06
-8.291830000000000000e+05 -1.995240000000000000e+06 5.891399000000000000e+06 -4.356080000000000000e+05 2.691575000000000000e+06 2.884389000000000000e+06 -2.885543000000000000e+06 1.560046000000000000e+06 1.398957000000000000e+06 6.455570000000000000e+05 1.438250000000000000e+06 -1.096423000000000000e+06 -1.607973000000000000e+06 -1.695846000000000000e+06 -2.584948000000000000e+06 7.013940000000000000e+05 9.231650000000000000e+05 1.269322000000000000e+06 -8.031710000000000000e+05 9.254990000000000000e+05
9.800980000000000000e+05 1.380734000000000000e+06 -4.356080000000000000e+05 7.380894000000000000e+06 -2.724124000000000000e+06 -1.648384000000000000e+06 -1.026004000000000000e+06 1.334100000000000000e+05 -1.627014000000000000e+06 -1.140238000000000000e+06 1.539157000000000000e+06 -1.916202000000000000e+06 1.948418000000000000e+06 -7.903580000000000000e+05 3.113440000000000000e+05 5.855020000000000000e+05 7.635010000000000000e+05 -1.854400000000000000e+06 4.390090000000000000e+05 5.437000000000000000e+05
-9.922690000000000000e+05 -1.320140000000000000e+06 2.691575000000000000e+06 -2.724124000000000000e+06 7.202249000000000000e+06 3.190533000000000000e+06 -1.301400000000000000e+05 6.675960000000000000e+05 3.298334000000000000e+06 1.253676000000000000e+06 -3.712120000000000000e+05 -4.140700000000000000e+05 -2.939346000000000000e+06 4.221200000000000000e+04 -1.411856000000000000e+06 7.066820000000000000e+05 -8.457130000000000000e+05 -4.210650000000000000e+05 -1.399083000000000000e+06 4.450280000000000000e+05
5.328080000000000000e+05 -2.641633000000000000e+06 2.884389000000000000e+06 -1.648384000000000000e+06 3.190533000000000000e+06 7.471080000000000000e+06 -1.155628000000000000e+06 8.385630000000000000e+05 4.145843000000000000e+06 5.745650000000000000e+05 1.276854000000000000e+06 -5.369700000000000000e+04 -2.351425000000000000e+06 -4.627800000000000000e+05 -7.012860000000000000e+05 2.254112000000000000e+06 -7.475200000000000000e+04 1.798443000000000000e+06 -1.905932000000000000e+06 -1.416090000000000000e+05
-4.514000000000000000e+03 -4.502190000000000000e+05 -2.885543000000000000e+06 -1.026004000000000000e+06 -1.301400000000000000e+05 -1.155628000000000000e+06 6.549138000000000000e+06 6.570870000000000000e+05 7.863400000000000000e+05 3.182170000000000000e+05 -1.837799000000000000e+06 2.831330000000000000e+05 4.638180000000000000e+05 1.620774000000000000e+06 1.902632000000000000e+06 2.958730000000000000e+05 -3.596932000000000000e+06 8.444580000000000000e+05 -6.434200000000000000e+05 -5.155860000000000000e+05
-1.111360000000000000e+06 -1.479290000000000000e+05 1.560046000000000000e+06 1.334100000000000000e+05 6.675960000000000000e+05 8.385630000000000000e+05 6.570870000000000000e+05 6.233778000000000000e+06 1.496432000000000000e+06 -8.969870000000000000e+05 5.088930000000000000e+05 -3.658510000000000000e+05 -1.851311000000000000e+06 -3.066010000000000000e+05 -7.244920000000000000e+05 1.555688000000000000e+06 -1.369257000000000000e+06 6.439800000000000000e+05 -5.762590000000000000e+05 7.194100000000000000e+04
7.563600000000000000e+05 -2.247017000000000000e+06 1.398957000000000000e+06 -1.627014000000000000e+06 3.298334000000000000e+06 4.145843000000000000e+06 7.863400000000000000e+05 1.496432000000000000e+06 6.022904000000000000e+06 8.169080000000000000e+05 1.013688000000000000e+06 7.938600000000000000e+04 -3.148784000000000000e+06 -1.042746000000000000e+06 1.075120000000000000e+06 1.860321000000000000e+06 -2.815810000000000000e+05 -8.910210000000000000e+05 -1.536052000000000000e+06 -5.887500000000000000e+05
3.837760000000000000e+05 -8.121370000000000000e+05 6.455570000000000000e+05 -1.140238000000000000e+06 1.253676000000000000e+06 5.745650000000000000e+05 3.182170000000000000e+05 -8.969870000000000000e+05 8.169080000000000000e+05 5.679719000000000000e+06 2.401567000000000000e+06 -4.630980000000000000e+05 -2.485366000000000000e+06 -1.491400000000000000e+04 -9.995850000000000000e+05 -8.018480000000000000e+05 1.146888000000000000e+06 -1.544672000000000000e+06 1.166620000000000000e+05 -1.124976000000000000e+06
1.225457000000000000e+06 1.441789000000000000e+06 1.438250000000000000e+06 1.539157000000000000e+06 -3.712120000000000000e+05 1.276854000000000000e+06 -1.837799000000000000e+06 5.088930000000000000e+05 1.013688000000000000e+06 2.401567000000000000e+06 6.671040000000000000e+06 1.709528000000000000e+06 -4.219723000000000000e+06 -3.003414000000000000e+06 -3.368050000000000000e+05 7.272910000000000000e+05 2.164443000000000000e+06 -1.701003000000000000e+06 8.089990000000000000e+05 -1.429132000000000000e+06
-2.248706000000000000e+06 2.070417000000000000e+06 -1.096423000000000000e+06 -1.916202000000000000e+06 -4.140700000000000000e+05 -5.369700000000000000e+04 2.831330000000000000e+05 -3.658510000000000000e+05 7.938600000000000000e+04 -4.630980000000000000e+05 1.709528000000000000e+06 7.307406000000000000e+06 -2.684737000000000000e+06 -2.627053000000000000e+06 -8.496710000000000000e+05 -5.370820000000000000e+05 -9.335340000000000000e+05 9.507470000000000000e+05 -9.053720000000000000e+05 -2.929214000000000000e+06
1.396310000000000000e+05 -1.540964000000000000e+06 -1.607973000000000000e+06 1.948418000000000000e+06 -2.939346000000000000e+06 -2.351425000000000000e+06 4.638180000000000000e+05 -1.851311000000000000e+06 -3.148784000000000000e+06 -2.485366000000000000e+06 -4.219723000000000000e+06 -2.684737000000000000e+06 7.897119000000000000e+06 1.740075000000000000e+06 3.682480000000000000e+05 -1.515256000000000000e+06 -1.073000000000000000e+06 4.169550000000000000e+05 1.949950000000000000e+06 -5.769050000000000000e+05
-7.832030000000000000e+05 4.123800000000000000e+05 -1.695846000000000000e+06 -7.903580000000000000e+05 4.221200000000000000e+04 -4.627800000000000000e+05 1.620774000000000000e+06 -3.066010000000000000e+05 -1.042746000000000000e+06 -1.491400000000000000e+04 -3.003414000000000000e+06 -2.627053000000000000e+06 1.740075000000000000e+06 5.244408000000000000e+06 1.020370000000000000e+06 -1.827958000000000000e+06 -1.409137000000000000e+06 -4.402490000000000000e+05 3.319610000000000000e+05 2.411431000000000000e+06
1.750373000000000000e+06 4.295760000000000000e+05 -2.584948000000000000e+06 3.113440000000000000e+05 -1.411856000000000000e+06 -7.012860000000000000e+05 1.902632000000000000e+06 -7.244920000000000000e+05 1.075120000000000000e+06 -9.995850000000000000e+05 -3.368050000000000000e+05 -8.496710000000000000e+05 3.682480000000000000e+05 1.020370000000000000e+06 5.702492000000000000e+06 -8.356310000000000000e+05 -8.975380000000000000e+05 -5.771530000000000000e+05 -1.099866000000000000e+06 1.882406000000000000e+06
3.039326000000000000e+06 -6.958930000000000000e+05 7.013940000000000000e+05 5.855020000000000000e+05 7.066820000000000000e+05 2.254112000000000000e+06 2.958730000000000000e+05 1.555688000000000000e+06 1.860321000000000000e+06 -8.018480000000000000e+05 7.272910000000000000e+05 -5.370820000000000000e+05 -1.515256000000000000e+06 -1.827958000000000000e+06 -8.356310000000000000e+05 5.888158000000000000e+06 1.263793000000000000e+06 2.904767000000000000e+06 2.182800000000000000e+05 1.441683000000000000e+06
6.928860000000000000e+05 1.656049000000000000e+06 9.231650000000000000e+05 7.635010000000000000e+05 -8.457130000000000000e+05 -7.475200000000000000e+04 -3.596932000000000000e+06 -1.369257000000000000e+06 -2.815810000000000000e+05 1.146888000000000000e+06 2.164443000000000000e+06 -9.335340000000000000e+05 -1.073000000000000000e+06 -1.409137000000000000e+06 -8.975380000000000000e+05 1.263793000000000000e+06 5.617133000000000000e+06 -5.738000000000000000e+05 1.801560000000000000e+06 1.149304000000000000e+06
-6.354860000000000000e+05 -7.897610000000000000e+05 1.269322000000000000e+06 -1.854400000000000000e+06 -4.210650000000000000e+05 1.798443000000000000e+06 8.444580000000000000e+05 6.439800000000000000e+05 -8.910210000000000000e+05 -1.544672000000000000e+06 -1.701003000000000000e+06 9.507470000000000000e+05 4.169550000000000000e+05 -4.402490000000000000e+05 -5.771530000000000000e+05 2.904767000000000000e+06 -5.738000000000000000e+05 8.031580000000000000e+06 -1.214635000000000000e+06 1.421956000000000000e+06
5.518710000000000000e+05 1.666130000000000000e+05 -8.031710000000000000e+05 4.390090000000000000e+05 -1.399083000000000000e+06 -1.905932000000000000e+06 -6.434200000000000000e+05 -5.762590000000000000e+05 -1.536052000000000000e+06 1.166620000000000000e+05 8.089990000000000000e+05 -9.053720000000000000e+05 1.949950000000000000e+06 3.319610000000000000e+05 -1.099866000000000000e+06 2.182800000000000000e+05 1.801560000000000000e+06 -1.214635000000000000e+06 4.092800000000000000e+06 -1.245517000000000000e+06
1.766427000000000000e+06 2.085366000000000000e+06 9.254990000000000000e+05 5.437000000000000000e+05 4.450280000000000000e+05 -1.416090000000000000e+05 -5.155860000000000000e+05 7.194100000000000000e+04 -5.887500000000000000e+05 -1.124976000000000000e+06 -1.429132000000000000e+06 -2.929214000000000000e+06 -5.769050000000000000e+05 2.411431000000000000e+06 1.882406000000000000e+06 1.441683000000000000e+06 1.149304000000000000e+06 1.421956000000000000e+06 -1.245517000000000000e+06 7.217127000000000000e+06
