9.777209000000000000e+06 4.207430000000000000e+05 -1.134980000000000000e+06 -1.359048000000000000e+06 2.381300000000000000e+04 -3.577110000000000000e+05 -2.720160000000000000e+05 9.925810000000000000e+05 1.936090000000000000e+05 2.488913000000000000e+06 1.185930000000000000e+06 3.733315000000000000e+06 -6.414500000000000000e+05 1.384716000000000000e+06 -1.871059000000000000e+06 -8.396800000000000000e+05 -1.321780000000000000e+05 1.354303000000000000e+06 -7.051650000000000000e+05 -4.524430000000000000e+05
4.207430000000000000e+05 7.355652000000000000e+06 -3.243910000000000000e+05 -2.165240000000000000e+06 -2.542917000000000000e+06 -4.592730000000000000e+05 -1.490905000000000000e+06 1.011612000000000000e+06 1.687490000000000000e+06 -1.583890000000000000e+05 -1.722472000000000000e+06 1.665455000000000000e+06 -1.398844000000000000e+06 -1.428894000000000000e+06 8.134700000000000000e+05 2.371549000000000000e+06 -1.628545000000000000e+06 -9.022700000000000000e+05 1.624964000000000000e+06 -2.965390000000000000e+05
-1.134980000000000000e+06 -3.243910000000000000e+05 6.750079000000000000e+06 -7.610100000000000000e+05 8.722230000000000000e+05 -8.476800000000000000e+05 2.207354000000000000e+06 -1.441783000000000000e+06 9.158500000000000000e+05 1.650376000000000000e+06 1.033247000000000000e+06 -1.496115000000000000e+06 -9.954420000000000000e+05 1.094747000000000000e+06 -1.286572000000000000e+06 1.621654000000000000e+06 5.184720000000000000e+05 -3.769700000000000000e+04 1.306410000000000000e+06 -1.140205000000000000e+06
-1.359048000000000000e+06 -2.165240000000000000e+06 -7.610100000000000000e+05 7.756873000000000000e+06 3.710815000000000000e+06 2.285174000000000000e+06 6.704990000000000000e+05 5.382700000000000000e+05 -1.163125000000000000e+06 1.773035000000000000e+06 1.390142000000000000e+06 -1.903076000000000000e+06 2.669475000000000000e+06 5.021200000000000000e+05 2.663991000000000000e+06 5.141210000000000000e+05 1.118666000000000000e+06 -1.410009000000000000e+06 -1.725076000000000000e+06 -3.907610000000000000e+05
2.381300000000000000e+04 -2.542917000000000000e+06 8.722230000000000000e+05 3.710815000000000000e+06 6.388819000000000000e+06 8.997480000000000000e+05 -7.807470000000000000e+05 2.596850000000000000e+05 -9.828260000000000000e+05 1.810156000000000000e+06 4.164415000000000000e+06 -5.099300000000000000e+05 2.381208000000000000e+06 -9.549940000000000000e+05 -1.838140000000000000e+05 8.157380000000000000e+05 1.884829000000000000e+06 -5.461860000000000000e+05 -3.041500000000000000e+05 -2.115364000000000000e+06
-3.577110000000000000e+05 -4.592730000000000000e+05 -8.476800000000000000e+05 2.285174000000000000e+06 8.997480000000000000e+05 9.797464000000000000e+06 -1.402207000000000000e+06 -8.676070000000000000e+05 3.497998000000000000e+06 2.193650000000000000e+05 7.312320000000000000e+05 -8.604400000000000000e+05 2.616696000000000000e+06 -1.191592000000000000e+06 9.620590000000000000e+05 -1.550710000000000000e+06 7.875500000000000000e+04 -9.733110000000000000e+05 -6.976440000000000000e+05 1.739640000000000000e+06
-2.720160000000000000e+05 -1.490905000000000000e+06 2.207354000000000000e+06 6.704990000000000000e+05 -7.807470000000000000e+05 -1.402207000000000000e+06 5.200682000000000000e+06 -1.739561000000000000e+06 2.167600000000000000e+05 2.686128000000000000e+06 -3.925010000000000000e+05 -8.024340000000000000e+05 1.126996000000000000e+06 1.223933000000000000e+06 -6.981560000000000000e+05 9.053000000000000000e+05 2.248959000000000000e+06 -1.414269000000000000e+06 3.180140000000000000e+05 4.685500000000000000e+04
9.925810000000000000e+05 1.011612000000000000e+06 -1.441783000000000000e+06 5.382700000000000000e+05 2.596850000000000000e+05 -8.676070000000000000e+05 -1.739561000000000000e+06 6.350723000000000000e+06 -1.529459000000000000e+06 7.814970000000000000e+05 -1.678690000000000000e+05 6.440560000000000000e+05 1.227776000000000000e+06 6.522200000000000000e+04 2.294390000000000000e+05 -3.388350000000000000e+05 -9.436740000000000000e+05 -1.779451000000000000e+06 4.358200000000000000e+05 -2.819978000000000000e+06
1.936090000000000000e+05 1.687490000000000000e+06 9.158500000000000000e+05 -1.163125000000000000e+06 -9.828260000000000000e+05 3.497998000000000000e+06 2.167600000000000000e+05 -1.529459000000000000e+06 6.806168000000000000e+06 1.352850000000000000e+05 -2.013600000000000000e+05 -1.100317000000000000e+06 2.997483000000000000e+06 -3.252726000000000000e+06 -9.367320000000000000e+05 5.969780000000000000e+05 1.901140000000000000e+05 1.834061000000000000e+06 4.708250000000000000e+05 1.485853000000000000e+06
2.488913000000000000e+06 -1.583890000000000000e+05 1.650376000000000000e+06 1.773035000000000000e+06 1.810156000000000000e+06 2.193650000000000000e+05 2.686128000000000000e+06 7.814970000000000000e+05 1.352850000000000000e+05 7.753339000000000000e+06 3.133258000000000000e+06 1.837669000000000000e+06 3.061381000000000000e+06 -1.064488000000000000e+06 -7.829000000000000000e+05 1.615490000000000000e+05 -7.790300000000000000e+04 -2.941933000000000000e+06 -5.804880000000000000e+05 -1.628108000000000000e+06
1.185930000000000000e+06 -1.722472000000000000e+06 1.033247000000000000e+06 1.390142000000000000e+06 4.164415000000000000e+06 7.312320000000000000e+05 -3.925010000000000000e+05 -1.678690000000000000e+05 -2.013600000000000000e+05 3.133258000000000000e+06 7.036586000000000000e+06 3.449562000000000000e+06 2.749720000000000000e+05 -2.511589000000000000e+06 -2.640853000000000000e+06 -1.835786000000000000e+06 5.190550000000000000e+05 5.013580000000000000e+05 5.615230000000000000e+05 -1.969853000000000000e+06
3.733315000000000000e+06 1.665455000000000000e+06 -1.496115000000000000e+06 -1.903076000000000000e+06 -5.099300000000000000e+05 -8.604400000000000000e+05 -8.024340000000000000e+05 6.440560000000000000e+05 -1.100317000000000000e+06 1.837669000000000000e+06 3.449562000000000000e+06 6.843529000000000000e+06 -1.554554000000000000e+06 -1.649649000000000000e+06 -1.049191000000000000e+06 -5.749230000000000000e+05 1.482300000000000000e+04 1.439865000000000000e+06 -2.767160000000000000e+05 -1.434374000000000000e+06
-6.414500000000000000e+05 -1.398844000000000000e+06 -9.954420000000000000e+05 2.669475000000000000e+06 2.381208000000000000e+06 2.616696000000000000e+06 1.126996000000000000e+06 1.227776000000000000e+06 2.997483000000000000e+06 3.061381000000000000e+06 2.749720000000000000e+05 -1.554554000000000000e+06 7.598929000000000000e+06 -2.553389000000000000e+06 8.350690000000000000e+05 1.702057000000000000e+06 2.434412000000000000e+06 -1.058913000000000000e+06 -1.151532000000000000e+06 -1.189831000000000000e+06
1.384716000000000000e+06 -1.428894000000000000e+06 1.094747000000000000e+06 5.021200000000000000e+05 -9.549940000000000000e+05 -1.191592000000000000e+06 1.223933000000000000e+06 6.522200000000000000e+04 -3.252726000000000000e+06 -1.064488000000000000e+06 -2.511589000000000000e+06 -1.649649000000000000e+06 -2.553389000000000000e+06 8.177462000000000000e+06 1.360523000000000000e+06 -1.352303000000000000e+06 -1.031190000000000000e+05 -1.265409000000000000e+06 1.667797000000000000e+06 2.408500000000000000e+04
-1.871059000000000000e+06 8.134700000000000000e+05 -1.286572000000000000e+06 2.663991000000000000e+06 -1.838140000000000000e+05 9.620590000000000000e+05 -6.981560000000000000e+05 2.294390000000000000e+05 -9.367320000000000000e+05 -7.829000000000000000e+05 -2.640853000000000000e+06 -1.049191000000000000e+06 8.350690000000000000e+05 1.360523000000000000e+06 5.305621000000000000e+06 2.147995000000000000e+06 -9.578350000000000000e+05 6.590000000000000000e+05 -2.127742000000000000e+06 1.603518000000000000e+06
-8.396800000000000000e+05 2.371549000000000000e+06 1.621654000000000000e+06 5.141210000000000000e+05 8.157380000000000000e+05 -1.550710000000000000e+06 9.053000000000000000e+05 -3.388350000000000000e+05 5.969780000000000000e+05 1.615490000000000000e+05 -1.835786000000000000e+06 -5.749230000000000000e+05 1.702057000000000000e+06 -1.352303000000000000e+06 2.147995000000000000e+06 7.821692000000000000e+06 2.288733000000000000e+06 2.019830000000000000e+06 -2.197764000000000000e+06 -1.228591000000000000e+06
-1.321780000000000000e+05 -1.628545000000000000e+06 5.184720000000000000e+05 1.118666000000000000e+06 1.884829000000000000e+06 7.875500000000000000e+04 2.248959000000000000e+06 -9.436740000000000000e+05 1.901140000000000000e+05 -7.790300000000000000e+04 5.190550000000000000e+05 1.482300000000000000e+04 2.434412000000000000e+06 -1.031190000000000000e+05 -9.578350000000000000e+05 2.288733000000000000e+06 5.632740000000000000e+06 -8.933800000000000000e+05 8.980890000000000000e+05 -2.978356000000000000e+06
1.354303000000000000e+06 -9.022700000000000000e+05 -3.769700000000000000e+04 -1.410009000000000000e+06 -5.461860000000000000e+05 -9.733110000000000000e+05 -1.414269000000000000e+06 -1.779451000000000000e+06 1.834061000000000000e+06 -2.941933000000000000e+06 5.013580000000000000e+05 1.439865000000000000e+06 -1.058913000000000000e+06 -1.265409000000000000e+06 6.590000000000000000e+05 2.019830000000000000e+06 -8.933800000000000000e+05 8.096263000000000000e+06 -3.018308000000000000e+06 2.224104000000000000e+06
-7.051650000000000000e+05 1.624964000000000000e+06 1.306410000000000000e+06 -1.725076000000000000e+06 -3.041500000000000000e+05 -6.976440000000000000e+05 3.180140000000000000e+05 4.358200000000000000e+05 4.708250000000000000e+05 -5.804880000000000000e+05 5.615230000000000000e+05 -2.767160000000000000e+05 -1.151532000000000000e+06 1.667797000000000000e+06 -2.127742000000000000e+06 -2.197764000000000000e+06 8.980890000000000000e+05 -3.018308000000000000e+06 5.107603000000000000e+06 -2.106346000000000000e+06
-4.524430000000000000e+05 -2.965390000000000000e+05 -1.140205000000000000e+06 -3.907610000000000000e+05 -2.115364000000000000e+06 1.739640000000000000e+06 4.685500000000000000e+04 -2.819978000000000000e+06 1.485853000000000000e+06 -1.628108000000000000e+06 -1.969853000000000000e+06 -1.434374000000000000e+06 -1.189831000000000000e+06 2.408500000000000000e+04 1.603518000000000000e+06 -1.228591000000000000e+06 -2.978356000000000000e+06 2.224104000000000000e+06 -2.106346000000000000e+06 5.517921000000000000e+06
