8.076363000000000000e+06 -2.962200000000000000e+04 2.774986000000000000e+06 -7.468600000000000000e+04 1.228797000000000000e+06 6.727940000000000000e+05 -4.920680000000000000e+05 2.074565000000000000e+06 -2.918485000000000000e+06 -1.286125000000000000e+06 7.957380000000000000e+05 4.388660000000000000e+05 2.159163000000000000e+06 -1.347249000000000000e+06 4.351000000000000000e+05 5.460000000000000000e+05 2.061518000000000000e+06 9.120640000000000000e+05 -1.540195000000000000e+06 1.659967000000000000e+06
-2.962200000000000000e+04 4.161036000000000000e+06 1.042045000000000000e+06 -1.538471000000000000e+06 -6.589530000000000000e+05 2.289150000000000000e+05 6.893130000000000000e+05 -5.241900000000000000e+05 -2.065800000000000000e+04 1.278270000000000000e+06 1.381845000000000000e+06 8.920890000000000000e+05 5.186600000000000000e+05 -5.463610000000000000e+05 -1.439008000000000000e+06 3.560300000000000000e+04 -5.648120000000000000e+05 -4.166100000000000000e+05 -7.231640000000000000e+05 -2.851750000000000000e+05
2.774986000000000000e+06 1.042045000000000000e+06 6.406806000000000000e+06 -1.369050000000000000e+05 -2.106000000000000000e+04 3.336450000000000000e+05 2.173598000000000000e+06 2.550046000000000000e+06 -1.249489000000000000e+06 -1.995200000000000000e+05 2.899980000000000000e+06 -1.574934000000000000e+06 2.293736000000000000e+06 -1.027944000000000000e+06 -2.826958000000000000e+06 -5.852720000000000000e+05 5.155600000000000000e+04 -3.442330000000000000e+05 -2.391568000000000000e+06 1.108648000000000000e+06
-7.468600000000000000e+04 -1.538471000000000000e+06 -1.369050000000000000e+05 4.586725000000000000e+06 -2.839070000000000000e+05 9.006500000000000000e+05 1.751203000000000000e+06 4.577580000000000000e+05 7.029180000000000000e+05 1.804057000000000000e+06 2.404250000000000000e+05 6.986600000000000000e+04 -3.098950000000000000e+05 -4.144410000000000000e+05 1.991804000000000000e+06 -8.567850000000000000e+05 6.887900000000000000e+05 -6.621700000000000000e+04 -1.763234000000000000e+06 -9.510150000000000000e+05
1.228797000000000000e+06 -6.589530000000000000e+05 -2.106000000000000000e+04 -2.839070000000000000e+05 7.020044000000000000e+06 -1.319581000000000000e+06 -2.484740000000000000e+06 -1.443091000000000000e+06 -7.704810000000000000e+05 -2.627754000000000000e+06 -1.936890000000000000e+05 6.278560000000000000e+05 -6.839990000000000000e+05 -6.238760000000000000e+05 8.989900000000000000e+04 -2.362158000000000000e+06 2.156052000000000000e+06 4.620710000000000000e+05 -4.088380000000000000e+05 -1.203463000000000000e+06
6.727940000000000000e+05 2.289150000000000000e+05 3.336450000000000000e+05 9.006500000000000000e+05 -1.319581000000000000e+06 6.979255000000000000e+06 -1.364057000000000000e+06 1.908026000000000000e+06 5.986150000000000000e+05 1.894743000000000000e+06 -5.703700000000000000e+05 9.883300000000000000e+05 -4.786480000000000000e+05 -2.780711000000000000e+06 3.879700000000000000e+05 -1.285310000000000000e+05 6.831000000000000000e+04 6.008500000000000000e+04 8.290550000000000000e+05 -7.306930000000000000e+05
-4.920680000000000000e+05 6.893130000000000000e+05 2.173598000000000000e+06 1.751203000000000000e+06 -2.484740000000000000e+06 -1.364057000000000000e+06 7.889250000000000000e+06 2.837463000000000000e+06 -8.381000000000000000e+03 2.012532000000000000e+06 3.413358000000000000e+06 -8.395570000000000000e+05 1.579409000000000000e+06 -1.137579000000000000e+06 1.001991000000000000e+06 1.448579000000000000e+06 -2.228929000000000000e+06 -1.846998000000000000e+06 -6.966980000000000000e+05 -1.593404000000000000e+06
2.074565000000000000e+06 -5.241900000000000000e+05 2.550046000000000000e+06 4.577580000000000000e+05 -1.443091000000000000e+06 1.908026000000000000e+06 2.837463000000000000e+06 7.977157000000000000e+06 -8.487450000000000000e+05 2.052888000000000000e+06 1.797381000000000000e+06 1.584990000000000000e+05 -6.893600000000000000e+05 -3.470379000000000000e+06 -5.618120000000000000e+05 4.099880000000000000e+05 1.209670000000000000e+05 -1.032051000000000000e+06 1.817607000000000000e+06 -1.413257000000000000e+06
-2.918485000000000000e+06 -2.065800000000000000e+04 -1.249489000000000000e+06 7.029180000000000000e+05 -7.704810000000000000e+05 5.986150000000000000e+05 -8.381000000000000000e+03 -8.487450000000000000e+05 5.962856000000000000e+06 -1.170726000000000000e+06 -1.732352000000000000e+06 -1.277281000000000000e+06 -4.547630000000000000e+05 6.523080000000000000e+05 -7.451440000000000000e+05 9.722110000000000000e+05 -2.166704000000000000e+06 1.184338000000000000e+06 -1.381270000000000000e+05 8.311120000000000000e+05
-1.286125000000000000e+06 1.278270000000000000e+06 -1.995200000000000000e+05 1.804057000000000000e+06 -2.627754000000000000e+06 1.894743000000000000e+06 2.012532000000000000e+06 2.052888000000000000e+06 -1.170726000000000000e+06 8.587336000000000000e+06 3.632755000000000000e+06 -1.345550000000000000e+05 -3.970885000000000000e+06 -2.610526000000000000e+06 2.469070000000000000e+06 3.514570000000000000e+05 1.716640000000000000e+05 -2.539345000000000000e+06 1.161157000000000000e+06 -1.005550000000000000e+06
7.957380000000000000e+05 1.381845000000000000e+06 2.899980000000000000e+06 2.404250000000000000e+05 -1.936890000000000000e+05 -5.703700000000000000e+05 3.413358000000000000e+06 1.797381000000000000e+06 -1.732352000000000000e+06 3.632755000000000000e+06 7.301285000000000000e+06 -2.963910000000000000e+05 -1.989090000000000000e+05 -3.342000000000000000e+06 -9.414850000000000000e+05 6.943040000000000000e+05 -1.954581000000000000e+06 -1.574773000000000000e+06 -1.092132000000000000e+06 -2.420116000000000000e+06
4.388660000000000000e+05 8.920890000000000000e+05 -1.574934000000000000e+06 6.986600000000000000e+04 6.278560000000000000e+05 9.883300000000000000e+05 -8.395570000000000000e+05 1.584990000000000000e+05 -1.277281000000000000e+06 -1.345550000000000000e+05 -2.963910000000000000e+05 6.798129000000000000e+06 1.781466000000000000e+06 -8.809630000000000000e+05 -2.278550000000000000e+05 -1.064633000000000000e+06 2.500181000000000000e+06 -1.046270000000000000e+05 -9.776730000000000000e+05 -7.156000000000000000e+05
2.159163000000000000e+06 5.186600000000000000e+05 2.293736000000000000e+06 -3.098950000000000000e+05 -6.839990000000000000e+05 -4.786480000000000000e+05 1.579409000000000000e+06 -6.893600000000000000e+05 -4.547630000000000000e+05 -3.970885000000000000e+06 -1.989090000000000000e+05 1.781466000000000000e+06 6.814688000000000000e+06 1.339929000000000000e+06 -8.239760000000000000e+05 1.029865000000000000e+06 1.034782000000000000e+06 -1.376600000000000000e+05 -2.824784000000000000e+06 5.954230000000000000e+05
-1.347249000000000000e+06 -5.463610000000000000e+05 -1.027944000000000000e+06 -4.144410000000000000e+05 -6.238760000000000000e+05 -2.780711000000000000e+06 -1.137579000000000000e+06 -3.470379000000000000e+06 6.523080000000000000e+05 -2.610526000000000000e+06 -3.342000000000000000e+06 -8.809630000000000000e+05 1.339929000000000000e+06 6.716519000000000000e+06 1.344209000000000000e+06 1.869945000000000000e+06 2.205218000000000000e+06 1.835502000000000000e+06 -2.649830000000000000e+05 9.410940000000000000e+05
4.351000000000000000e+05 -1.439008000000000000e+06 -2.826958000000000000e+06 1.991804000000000000e+06 8.989900000000000000e+04 3.879700000000000000e+05 1.001991000000000000e+06 -5.618120000000000000e+05 -7.451440000000000000e+05 2.469070000000000000e+06 -9.414850000000000000e+05 -2.278550000000000000e+05 -8.239760000000000000e+05 1.344209000000000000e+06 7.643428000000000000e+06 2.118847000000000000e+06 1.354980000000000000e+06 -1.213014000000000000e+06 3.094655000000000000e+06 -1.859035000000000000e+06
5.460000000000000000e+05 3.560300000000000000e+04 -5.852720000000000000e+05 -8.567850000000000000e+05 -2.362158000000000000e+06 -1.285310000000000000e+05 1.448579000000000000e+06 4.099880000000000000e+05 9.722110000000000000e+05 3.514570000000000000e+05 6.943040000000000000e+05 -1.064633000000000000e+06 1.029865000000000000e+06 1.869945000000000000e+06 2.118847000000000000e+06 9.551234000000000000e+06 2.913360000000000000e+05 -1.945280000000000000e+05 2.191038000000000000e+06 1.122406000000000000e+06
2.061518000000000000e+06 -5.648120000000000000e+05 5.155600000000000000e+04 6.887900000000000000e+05 2.156052000000000000e+06 6.831000000000000000e+04 -2.228929000000000000e+06 1.209670000000000000e+05 -2.166704000000000000e+06 1.716640000000000000e+05 -1.954581000000000000e+06 2.500181000000000000e+06 1.034782000000000000e+06 2.205218000000000000e+06 1.354980000000000000e+06 2.913360000000000000e+05 7.734759000000000000e+06 -9.597140000000000000e+05 -3.668770000000000000e+05 1.362307000000000000e+06
9.120640000000000000e+05 -4.166100000000000000e+05 -3.442330000000000000e+05 -6.621700000000000000e+04 4.620710000000000000e+05 6.008500000000000000e+04 -1.846998000000000000e+06 -1.032051000000000000e+06 1.184338000000000000e+06 -2.539345000000000000e+06 -1.574773000000000000e+06 -1.046270000000000000e+05 -1.376600000000000000e+05 1.835502000000000000e+06 -1.213014000000000000e+06 -1.945280000000000000e+05 -9.597140000000000000e+05 4.448983000000000000e+06 -1.905260000000000000e+05 -8.326970000000000000e+05
-1.540195000000000000e+06 -7.231640000000000000e+05 -2.391568000000000000e+06 -1.763234000000000000e+06 -4.088380000000000000e+05 8.290550000000000000e+05 -6.966980000000000000e+05 1.817607000000000000e+06 -1.381270000000000000e+05 1.161157000000000000e+06 -1.092132000000000000e+06 -9.776730000000000000e+05 -2.824784000000000000e+06 -2.649830000000000000e+05 3.094655000000000000e+06 2.191038000000000000e+06 -3.668770000000000000e+05 -1.905260000000000000e+05 7.528006000000000000e+06 -1.658931000000000000e+06
1.659967000000000000e+06 -2.851750000000000000e+05 1.108648000000000000e+06 -9.510150000000000000e+05 -1.203463000000000000e+06 -7.306930000000000000e+05 -1.593404000000000000e+06 -1.413257000000000000e+06 8.311120000000000000e+05 -1.005550000000000000e+06 -2.420116000000000000e+06 -7.156000000000000000e+05 5.954230000000000000e+05 9.410940000000000000e+05 -1.859035000000000000e+06 1.122406000000000000e+06 1.362307000000000000e+06 -8.326970000000000000e+05 -1.658931000000000000e+06 7.242477000000000000e+06
