6.480440000000000000e+06 -2.612644000000000000e+06 4.735950000000000000e+05 5.544830000000000000e+05 2.107171000000000000e+06 -1.312965000000000000e+06 1.167160000000000000e+06 1.050212000000000000e+06 -2.692498000000000000e+06 9.144220000000000000e+05 -3.028658000000000000e+06 1.924715000000000000e+06 -1.252470000000000000e+05 6.598800000000000000e+05 -1.825377000000000000e+06 2.930520000000000000e+05 8.112420000000000000e+05 7.643000000000000000e+05 -1.204214000000000000e+06 -1.393685000000000000e+06
-2.612644000000000000e+06 7.516584000000000000e+06 5.926020000000000000e+05 9.383530000000000000e+05 1.337446000000000000e+06 -6.397130000000000000e+05 -9.067860000000000000e+05 2.812669000000000000e+06 6.564800000000000000e+04 -8.522160000000000000e+05 8.464580000000000000e+05 -1.975071000000000000e+06 1.994585000000000000e+06 6.032480000000000000e+05 2.173051000000000000e+06 2.796430000000000000e+05 2.377100000000000000e+05 1.459568000000000000e+06 -7.672010000000000000e+05 8.816130000000000000e+05
4.735950000000000000e+05 5.926020000000000000e+05 6.256424000000000000e+06 5.452510000000000000e+05 -1.954250000000000000e+05 -1.181291000000000000e+06 -7.367900000000000000e+04 1.503970000000000000e+06 1.898245000000000000e+06 1.054940000000000000e+05 3.859820000000000000e+05 -2.353161000000000000e+06 2.008157000000000000e+06 2.597336000000000000e+06 -6.818790000000000000e+05 -1.217132000000000000e+06 1.989134000000000000e+06 -1.647648000000000000e+06 -5.082710000000000000e+05 -2.509188000000000000e+06
5.544830000000000000e+05 9.383530000000000000e+05 5.452510000000000000e+05 4.244889000000000000e+06 1.424037000000000000e+06 -4.721310000000000000e+05 2.091304000000000000e+06 4.234260000000000000e+05 3.449680000000000000e+05 -8.311100000000000000e+04 -3.834350000000000000e+05 2.250899000000000000e+06 1.180823000000000000e+06 -2.313730000000000000e+05 -1.187594000000000000e+06 -5.310590000000000000e+05 1.155214000000000000e+06 7.199540000000000000e+05 5.748500000000000000e+04 2.913180000000000000e+05
2.107171000000000000e+06 1.337446000000000000e+06 -1.954250000000000000e+05 1.424037000000000000e+06 5.706304000000000000e+06 -1.834116000000000000e+06 9.555700000000000000e+04 1.639290000000000000e+05 -8.162970000000000000e+05 -1.106123000000000000e+06 -4.096830000000000000e+05 1.140890000000000000e+05 -3.629170000000000000e+05 -6.733710000000000000e+05 7.581810000000000000e+05 7.735690000000000000e+05 -6.108060000000000000e+05 -9.483750000000000000e+05 -2.417732000000000000e+06 -7.392370000000000000e+05
-1.312965000000000000e+06 -6.397130000000000000e+05 -1.181291000000000000e+06 -4.721310000000000000e+05 -1.834116000000000000e+06 4.230446000000000000e+06 1.856227000000000000e+06 -1.285991000000000000e+06 -7.817180000000000000e+05 -7.253710000000000000e+05 9.192470000000000000e+05 1.709300000000000000e+06 -1.936510000000000000e+05 -2.822480000000000000e+05 -1.078062000000000000e+06 -7.523960000000000000e+05 1.058100000000000000e+06 1.816073000000000000e+06 1.290561000000000000e+06 -7.638500000000000000e+05
1.167160000000000000e+06 -9.067860000000000000e+05 -7.367900000000000000e+04 2.091304000000000000e+06 9.555700000000000000e+04 1.856227000000000000e+06 7.113041000000000000e+06 1.342799000000000000e+06 -1.408576000000000000e+06 -6.931150000000000000e+05 -1.660496000000000000e+06 3.735773000000000000e+06 1.122859000000000000e+06 7.792370000000000000e+05 -3.547675000000000000e+06 -1.700202000000000000e+06 1.655921000000000000e+06 1.113642000000000000e+06 -7.005660000000000000e+05 4.692510000000000000e+05
1.050212000000000000e+06 2.812669000000000000e+06 1.503970000000000000e+06 4.234260000000000000e+05 1.639290000000000000e+05 -1.285991000000000000e+06 1.342799000000000000e+06 7.183793000000000000e+06 -1.705120000000000000e+06 1.950776000000000000e+06 -1.542387000000000000e+06 1.835227000000000000e+06 2.293822000000000000e+06 1.289037000000000000e+06 7.084020000000000000e+05 -1.309188000000000000e+06 2.003494000000000000e+06 4.290100000000000000e+05 -5.817090000000000000e+05 2.064470000000000000e+06
-2.692498000000000000e+06 6.564800000000000000e+04 1.898245000000000000e+06 3.449680000000000000e+05 -8.162970000000000000e+05 -7.817180000000000000e+05 -1.408576000000000000e+06 -1.705120000000000000e+06 1.067668200000000000e+07 1.831076000000000000e+06 6.368073000000000000e+06 -2.881529000000000000e+06 3.094370000000000000e+05 -5.866100000000000000e+05 4.311841000000000000e+06 2.289901000000000000e+06 6.183660000000000000e+05 -1.665227000000000000e+06 7.886800000000000000e+05 -1.126413000000000000e+06
9.144220000000000000e+05 -8.522160000000000000e+05 1.054940000000000000e+05 -8.311100000000000000e+04 -1.106123000000000000e+06 -7.253710000000000000e+05 -6.931150000000000000e+05 1.950776000000000000e+06 1.831076000000000000e+06 5.981422000000000000e+06 -4.628120000000000000e+05 1.045458000000000000e+06 -1.281753000000000000e+06 -2.709720000000000000e+05 -5.101700000000000000e+04 -1.851887000000000000e+06 -2.022300000000000000e+04 1.389694000000000000e+06 8.101470000000000000e+05 1.421810000000000000e+05
-3.028658000000000000e+06 8.464580000000000000e+05 3.859820000000000000e+05 -3.834350000000000000e+05 -4.096830000000000000e+05 9.192470000000000000e+05 -1.660496000000000000e+06 -1.542387000000000000e+06 6.368073000000000000e+06 -4.628120000000000000e+05 8.103581000000000000e+06 -1.393858000000000000e+06 9.552720000000000000e+05 -1.448534000000000000e+06 3.107344000000000000e+06 2.495201000000000000e+06 -1.267324000000000000e+06 -1.386161000000000000e+06 2.946964000000000000e+06 -1.244766000000000000e+06
1.924715000000000000e+06 -1.975071000000000000e+06 -2.353161000000000000e+06 2.250899000000000000e+06 1.140890000000000000e+05 1.709300000000000000e+06 3.735773000000000000e+06 1.835227000000000000e+06 -2.881529000000000000e+06 1.045458000000000000e+06 -1.393858000000000000e+06 7.079500000000000000e+06 1.190990000000000000e+05 -1.848807000000000000e+06 -2.368606000000000000e+06 -7.325700000000000000e+05 1.242743000000000000e+06 1.050097000000000000e+06 1.525641000000000000e+06 2.312825000000000000e+06
-1.252470000000000000e+05 1.994585000000000000e+06 2.008157000000000000e+06 1.180823000000000000e+06 -3.629170000000000000e+05 -1.936510000000000000e+05 1.122859000000000000e+06 2.293822000000000000e+06 3.094370000000000000e+05 -1.281753000000000000e+06 9.552720000000000000e+05 1.190990000000000000e+05 6.190588000000000000e+06 6.318950000000000000e+05 -1.091118000000000000e+06 1.153596000000000000e+06 4.972310000000000000e+05 -2.649600000000000000e+04 -4.486400000000000000e+04 -6.179030000000000000e+05
6.598800000000000000e+05 6.032480000000000000e+05 2.597336000000000000e+06 -2.313730000000000000e+05 -6.733710000000000000e+05 -2.822480000000000000e+05 7.792370000000000000e+05 1.289037000000000000e+06 -5.866100000000000000e+05 -2.709720000000000000e+05 -1.448534000000000000e+06 -1.848807000000000000e+06 6.318950000000000000e+05 5.460338000000000000e+06 3.546940000000000000e+05 -2.340168000000000000e+06 -1.803090000000000000e+05 -1.863337000000000000e+06 8.857020000000000000e+05 -1.086800000000000000e+05
-1.825377000000000000e+06 2.173051000000000000e+06 -6.818790000000000000e+05 -1.187594000000000000e+06 7.581810000000000000e+05 -1.078062000000000000e+06 -3.547675000000000000e+06 7.084020000000000000e+05 4.311841000000000000e+06 -5.101700000000000000e+04 3.107344000000000000e+06 -2.368606000000000000e+06 -1.091118000000000000e+06 3.546940000000000000e+05 7.618485000000000000e+06 2.727293000000000000e+06 1.002312000000000000e+06 -2.872394000000000000e+06 -4.301350000000000000e+05 1.351715000000000000e+06
2.930520000000000000e+05 2.796430000000000000e+05 -1.217132000000000000e+06 -5.310590000000000000e+05 7.735690000000000000e+05 -7.523960000000000000e+05 -1.700202000000000000e+06 -1.309188000000000000e+06 2.289901000000000000e+06 -1.851887000000000000e+06 2.495201000000000000e+06 -7.325700000000000000e+05 1.153596000000000000e+06 -2.340168000000000000e+06 2.727293000000000000e+06 7.290485000000000000e+06 1.344439000000000000e+06 1.912310000000000000e+05 -1.302646000000000000e+06 1.220899000000000000e+06
8.112420000000000000e+05 2.377100000000000000e+05 1.989134000000000000e+06 1.155214000000000000e+06 -6.108060000000000000e+05 1.058100000000000000e+06 1.655921000000000000e+06 2.003494000000000000e+06 6.183660000000000000e+05 -2.022300000000000000e+04 -1.267324000000000000e+06 1.242743000000000000e+06 4.972310000000000000e+05 -1.803090000000000000e+05 1.002312000000000000e+06 1.344439000000000000e+06 6.754613000000000000e+06 1.301422000000000000e+06 -2.897955000000000000e+06 4.083490000000000000e+05
7.643000000000000000e+05 1.459568000000000000e+06 -1.647648000000000000e+06 7.199540000000000000e+05 -9.483750000000000000e+05 1.816073000000000000e+06 1.113642000000000000e+06 4.290100000000000000e+05 -1.665227000000000000e+06 1.389694000000000000e+06 -1.386161000000000000e+06 1.050097000000000000e+06 -2.649600000000000000e+04 -1.863337000000000000e+06 -2.872394000000000000e+06 1.912310000000000000e+05 1.301422000000000000e+06 7.965494000000000000e+06 -5.589910000000000000e+05 -1.883470000000000000e+06
-1.204214000000000000e+06 -7.672010000000000000e+05 -5.082710000000000000e+05 5.748500000000000000e+04 -2.417732000000000000e+06 1.290561000000000000e+06 -7.005660000000000000e+05 -5.817090000000000000e+05 7.886800000000000000e+05 8.101470000000000000e+05 2.946964000000000000e+06 1.525641000000000000e+06 -4.486400000000000000e+04 8.857020000000000000e+05 -4.301350000000000000e+05 -1.302646000000000000e+06 -2.897955000000000000e+06 -5.589910000000000000e+05 7.914648000000000000e+06 1.016811000000000000e+06
-1.393685000000000000e+06 8.816130000000000000e+05 -2.509188000000000000e+06 2.913180000000000000e+05 -7.392370000000000000e+05 -7.638500000000000000e+05 4.692510000000000000e+05 2.064470000000000000e+06 -1.126413000000000000e+06 1.421810000000000000e+05 -1.244766000000000000e+06 2.312825000000000000e+06 -6.179030000000000000e+05 -1.086800000000000000e+05 1.351715000000000000e+06 1.220899000000000000e+06 4.083490000000000000e+05 -1.883470000000000000e+06 1.016811000000000000e+06 6.838678000000000000e+06
