7.222312000000000000e+06 -2.695068000000000000e+06 5.397930000000000000e+05 -3.071960000000000000e+05 2.941170000000000000e+05 1.200944000000000000e+06 6.310520000000000000e+05 2.897710000000000000e+05 -5.318230000000000000e+05 8.446560000000000000e+05 4.319740000000000000e+05 1.521087000000000000e+06 -5.766300000000000000e+05 1.934075000000000000e+06 -7.807920000000000000e+05 -7.284550000000000000e+05 6.461260000000000000e+05 -9.920570000000000000e+05 -1.638384000000000000e+06 1.058930000000000000e+06
-2.695068000000000000e+06 7.027091000000000000e+06 2.481680000000000000e+05 2.953248000000000000e+06 3.084029000000000000e+06 -1.218056000000000000e+06 -1.615358000000000000e+06 -2.099488000000000000e+06 -6.070500000000000000e+04 -2.335185000000000000e+06 -2.615893000000000000e+06 2.648080000000000000e+05 1.292139000000000000e+06 1.700789000000000000e+06 -4.013850000000000000e+05 -2.658780000000000000e+06 4.537520000000000000e+05 2.004249000000000000e+06 -7.262760000000000000e+05 -4.104870000000000000e+05
5.397930000000000000e+05 2.481680000000000000e+05 7.399584000000000000e+06 1.199449000000000000e+06 1.045094000000000000e+06 -2.027500000000000000e+04 -3.031500000000000000e+05 2.738033000000000000e+06 -5.048890000000000000e+05 -1.817035000000000000e+06 3.014923000000000000e+06 -1.244500000000000000e+04 2.113367000000000000e+06 1.706873000000000000e+06 -1.126932000000000000e+06 -3.284240000000000000e+05 -1.894174000000000000e+06 -9.386060000000000000e+05 1.016494000000000000e+06 3.980100000000000000e+04
-3.071960000000000000e+05 2.953248000000000000e+06 1.199449000000000000e+06 5.745990000000000000e+06 3.073321000000000000e+06 -3.147400000000000000e+04 1.962540000000000000e+05 1.002010000000000000e+05 -1.156499000000000000e+06 -7.458590000000000000e+05 -2.354302000000000000e+06 -1.811200000000000000e+04 1.401301000000000000e+06 -7.611300000000000000e+04 -1.295748000000000000e+06 -1.117447000000000000e+06 1.682127000000000000e+06 1.903712000000000000e+06 -2.826053000000000000e+06 -1.206580000000000000e+06
2.941170000000000000e+05 3.084029000000000000e+06 1.045094000000000000e+06 3.073321000000000000e+06 6.080194000000000000e+06 3.388400000000000000e+05 -1.903790000000000000e+05 -7.926200000000000000e+04 1.052793000000000000e+06 -3.311840000000000000e+06 -2.112788000000000000e+06 2.550640000000000000e+05 6.384610000000000000e+05 2.585522000000000000e+06 -1.708388000000000000e+06 -3.521061000000000000e+06 1.146750000000000000e+06 2.036939000000000000e+06 -2.166298000000000000e+06 -4.969790000000000000e+05
1.200944000000000000e+06 -1.218056000000000000e+06 -2.027500000000000000e+04 -3.147400000000000000e+04 3.388400000000000000e+05 5.157461000000000000e+06 -1.416880000000000000e+06 8.749250000000000000e+05 -1.823068000000000000e+06 -6.974360000000000000e+05 1.055711000000000000e+06 3.000854000000000000e+06 1.911200000000000000e+06 7.502800000000000000e+04 -4.901090000000000000e+05 3.035720000000000000e+05 5.362890000000000000e+05 7.663220000000000000e+05 -4.589820000000000000e+05 -1.139530000000000000e+06
6.310520000000000000e+05 -1.615358000000000000e+06 -3.031500000000000000e+05 1.962540000000000000e+05 -1.903790000000000000e+05 -1.416880000000000000e+06 5.770901000000000000e+06 2.426931000000000000e+06 2.493442000000000000e+06 1.515203000000000000e+06 6.790960000000000000e+05 -2.994290000000000000e+05 -2.874678000000000000e+06 -1.735910000000000000e+05 -3.154390000000000000e+05 -1.884671000000000000e+06 -3.292110000000000000e+05 -6.511430000000000000e+05 -1.924056000000000000e+06 -4.804080000000000000e+05
2.897710000000000000e+05 -2.099488000000000000e+06 2.738033000000000000e+06 1.002010000000000000e+05 -7.926200000000000000e+04 8.749250000000000000e+05 2.426931000000000000e+06 6.380170000000000000e+06 1.578000000000000000e+04 -1.015117000000000000e+06 2.955963000000000000e+06 8.045100000000000000e+05 -7.465760000000000000e+05 5.200840000000000000e+05 -1.728663000000000000e+06 -3.355460000000000000e+05 -1.801939000000000000e+06 -2.148785000000000000e+06 -1.948920000000000000e+06 -4.833050000000000000e+05
-5.318230000000000000e+05 -6.070500000000000000e+04 -5.048890000000000000e+05 -1.156499000000000000e+06 1.052793000000000000e+06 -1.823068000000000000e+06 2.493442000000000000e+06 1.578000000000000000e+04 5.276534000000000000e+06 -1.784210000000000000e+06 -1.278440000000000000e+06 -1.658501000000000000e+06 -2.678844000000000000e+06 5.761720000000000000e+05 1.990913000000000000e+06 -1.198385000000000000e+06 -1.178970000000000000e+05 7.730000000000000000e+04 -1.326731000000000000e+06 2.024050000000000000e+05
8.446560000000000000e+05 -2.335185000000000000e+06 -1.817035000000000000e+06 -7.458590000000000000e+05 -3.311840000000000000e+06 -6.974360000000000000e+05 1.515203000000000000e+06 -1.015117000000000000e+06 -1.784210000000000000e+06 6.146517000000000000e+06 1.954950000000000000e+05 -1.557540000000000000e+05 -1.051877000000000000e+06 -1.426831000000000000e+06 1.187230000000000000e+05 8.627970000000000000e+05 5.092990000000000000e+05 -1.512220000000000000e+05 5.306980000000000000e+05 -1.865320000000000000e+05
4.319740000000000000e+05 -2.615893000000000000e+06 3.014923000000000000e+06 -2.354302000000000000e+06 -2.112788000000000000e+06 1.055711000000000000e+06 6.790960000000000000e+05 2.955963000000000000e+06 -1.278440000000000000e+06 1.954950000000000000e+05 5.900069000000000000e+06 5.716980000000000000e+05 3.375080000000000000e+05 -1.025005000000000000e+06 -1.007490000000000000e+05 1.443738000000000000e+06 -2.142369000000000000e+06 -3.384579000000000000e+06 2.300632000000000000e+06 2.114798000000000000e+06
1.521087000000000000e+06 2.648080000000000000e+05 -1.244500000000000000e+04 -1.811200000000000000e+04 2.550640000000000000e+05 3.000854000000000000e+06 -2.994290000000000000e+05 8.045100000000000000e+05 -1.658501000000000000e+06 -1.557540000000000000e+05 5.716980000000000000e+05 8.125117000000000000e+06 2.077206000000000000e+06 1.404653000000000000e+06 -3.459640000000000000e+06 -2.978460000000000000e+05 -6.835090000000000000e+05 7.966060000000000000e+05 -2.478844000000000000e+06 1.785974000000000000e+06
-5.766300000000000000e+05 1.292139000000000000e+06 2.113367000000000000e+06 1.401301000000000000e+06 6.384610000000000000e+05 1.911200000000000000e+06 -2.874678000000000000e+06 -7.465760000000000000e+05 -2.678844000000000000e+06 -1.051877000000000000e+06 3.375080000000000000e+05 2.077206000000000000e+06 4.535480000000000000e+06 2.141108000000000000e+06 -7.226470000000000000e+05 1.647450000000000000e+06 -7.912850000000000000e+05 3.957270000000000000e+05 1.365167000000000000e+06 9.292300000000000000e+04
1.934075000000000000e+06 1.700789000000000000e+06 1.706873000000000000e+06 -7.611300000000000000e+04 2.585522000000000000e+06 7.502800000000000000e+04 -1.735910000000000000e+05 5.200840000000000000e+05 5.761720000000000000e+05 -1.426831000000000000e+06 -1.025005000000000000e+06 1.404653000000000000e+06 2.141108000000000000e+06 8.074894000000000000e+06 -3.941710000000000000e+05 -1.135398000000000000e+06 -2.053839000000000000e+06 1.039374000000000000e+06 -9.342700000000000000e+04 -4.968990000000000000e+05
-7.807920000000000000e+05 -4.013850000000000000e+05 -1.126932000000000000e+06 -1.295748000000000000e+06 -1.708388000000000000e+06 -4.901090000000000000e+05 -3.154390000000000000e+05 -1.728663000000000000e+06 1.990913000000000000e+06 1.187230000000000000e+05 -1.007490000000000000e+05 -3.459640000000000000e+06 -7.226470000000000000e+05 -3.941710000000000000e+05 6.606761000000000000e+06 1.805086000000000000e+06 -1.443260000000000000e+05 -1.165094000000000000e+06 2.110218000000000000e+06 1.998990000000000000e+05
-7.284550000000000000e+05 -2.658780000000000000e+06 -3.284240000000000000e+05 -1.117447000000000000e+06 -3.521061000000000000e+06 3.035720000000000000e+05 -1.884671000000000000e+06 -3.355460000000000000e+05 -1.198385000000000000e+06 8.627970000000000000e+05 1.443738000000000000e+06 -2.978460000000000000e+05 1.647450000000000000e+06 -1.135398000000000000e+06 1.805086000000000000e+06 5.882638000000000000e+06 -1.204856000000000000e+06 -1.647005000000000000e+06 1.583904000000000000e+06 1.672280000000000000e+06
6.461260000000000000e+05 4.537520000000000000e+05 -1.894174000000000000e+06 1.682127000000000000e+06 1.146750000000000000e+06 5.362890000000000000e+05 -3.292110000000000000e+05 -1.801939000000000000e+06 -1.178970000000000000e+05 5.092990000000000000e+05 -2.142369000000000000e+06 -6.835090000000000000e+05 -7.912850000000000000e+05 -2.053839000000000000e+06 -1.443260000000000000e+05 -1.204856000000000000e+06 3.345963000000000000e+06 1.528216000000000000e+06 -7.179460000000000000e+05 -7.476790000000000000e+05
-9.920570000000000000e+05 2.004249000000000000e+06 -9.386060000000000000e+05 1.903712000000000000e+06 2.036939000000000000e+06 7.663220000000000000e+05 -6.511430000000000000e+05 -2.148785000000000000e+06 7.730000000000000000e+04 -1.512220000000000000e+05 -3.384579000000000000e+06 7.966060000000000000e+05 3.957270000000000000e+05 1.039374000000000000e+06 -1.165094000000000000e+06 -1.647005000000000000e+06 1.528216000000000000e+06 5.869343000000000000e+06 -5.579230000000000000e+05 -3.368050000000000000e+06
-1.638384000000000000e+06 -7.262760000000000000e+05 1.016494000000000000e+06 -2.826053000000000000e+06 -2.166298000000000000e+06 -4.589820000000000000e+05 -1.924056000000000000e+06 -1.948920000000000000e+06 -1.326731000000000000e+06 5.306980000000000000e+05 2.300632000000000000e+06 -2.478844000000000000e+06 1.365167000000000000e+06 -9.342700000000000000e+04 2.110218000000000000e+06 1.583904000000000000e+06 -7.179460000000000000e+05 -5.579230000000000000e+05 6.952511000000000000e+06 -6.166130000000000000e+05
1.058930000000000000e+06 -4.104870000000000000e+05 3.980100000000000000e+04 -1.206580000000000000e+06 -4.969790000000000000e+05 -1.139530000000000000e+06 -4.804080000000000000e+05 -4.833050000000000000e+05 2.024050000000000000e+05 -1.865320000000000000e+05 2.114798000000000000e+06 1.785974000000000000e+06 9.292300000000000000e+04 -4.968990000000000000e+05 1.998990000000000000e+05 1.672280000000000000e+06 -7.476790000000000000e+05 -3.368050000000000000e+06 -6.166130000000000000e+05 5.512507000000000000e+06
