8.409035000000000000e+06 5.306090000000000000e+05 -1.440627000000000000e+06 -1.775110000000000000e+05 9.882490000000000000e+05 3.793660000000000000e+05 -5.538840000000000000e+05 3.053663000000000000e+06 -2.793565000000000000e+06 -1.056556000000000000e+06 -8.689240000000000000e+05 -1.818980000000000000e+05 1.656500000000000000e+04 -9.958730000000000000e+05 1.885984000000000000e+06 -2.054110000000000000e+05 -1.096319000000000000e+06 4.111800000000000000e+04 5.657030000000000000e+05 -1.139839000000000000e+06
5.306090000000000000e+05 6.830712000000000000e+06 5.664200000000000000e+04 1.760978000000000000e+06 5.860590000000000000e+05 2.228360000000000000e+05 -2.451762000000000000e+06 -1.006318000000000000e+06 -1.420430000000000000e+05 -4.805130000000000000e+05 1.179176000000000000e+06 -2.039523000000000000e+06 1.654546000000000000e+06 1.933800000000000000e+05 -2.834741000000000000e+06 -5.816010000000000000e+05 -1.943894000000000000e+06 2.103009000000000000e+06 1.676730000000000000e+05 1.726640000000000000e+06
-1.440627000000000000e+06 5.664200000000000000e+04 6.117508000000000000e+06 -3.323800000000000000e+04 2.959805000000000000e+06 -1.070359000000000000e+06 -3.327020000000000000e+05 -6.548100000000000000e+04 -1.036292000000000000e+06 1.362773000000000000e+06 -1.465620000000000000e+05 -1.125654000000000000e+06 2.044989000000000000e+06 3.179120000000000000e+05 -8.173310000000000000e+05 3.072250000000000000e+05 -1.374320000000000000e+05 1.940270000000000000e+05 -9.174010000000000000e+05 2.098101000000000000e+06
-1.775110000000000000e+05 1.760978000000000000e+06 -3.323800000000000000e+04 5.680026000000000000e+06 -7.607500000000000000e+04 -1.198395000000000000e+06 8.130100000000000000e+05 -2.384976000000000000e+06 -1.308080000000000000e+06 2.392664000000000000e+06 4.325440000000000000e+05 7.345600000000000000e+05 1.475070000000000000e+05 1.917618000000000000e+06 -5.200710000000000000e+05 6.558480000000000000e+05 -6.913290000000000000e+05 -5.091030000000000000e+05 1.136817000000000000e+06 5.891940000000000000e+05
9.882490000000000000e+05 5.860590000000000000e+05 2.959805000000000000e+06 -7.607500000000000000e+04 6.184346000000000000e+06 -6.196600000000000000e+05 -2.922263000000000000e+06 8.033960000000000000e+05 -2.029295000000000000e+06 2.220487000000000000e+06 -1.210119000000000000e+06 7.705770000000000000e+05 1.175838000000000000e+06 1.119657000000000000e+06 -3.729850000000000000e+05 8.901180000000000000e+05 -1.342308000000000000e+06 5.665810000000000000e+05 -1.272136000000000000e+06 1.879685000000000000e+06
3.793660000000000000e+05 2.228360000000000000e+05 -1.070359000000000000e+06 -1.198395000000000000e+06 -6.196600000000000000e+05 6.469052000000000000e+06 -2.028709000000000000e+06 1.392732000000000000e+06 -1.133502000000000000e+06 -1.339833000000000000e+06 -6.725330000000000000e+05 -1.276564000000000000e+06 2.327308000000000000e+06 -1.318409000000000000e+06 -3.802780000000000000e+05 -1.193553000000000000e+06 2.077129000000000000e+06 -4.465880000000000000e+05 -2.206591000000000000e+06 6.358950000000000000e+05
-5.538840000000000000e+05 -2.451762000000000000e+06 -3.327020000000000000e+05 8.130100000000000000e+05 -2.922263000000000000e+06 -2.028709000000000000e+06 4.377191000000000000e+06 -3.650120000000000000e+05 4.636660000000000000e+05 9.417700000000000000e+04 1.707194000000000000e+06 -1.159190000000000000e+05 -1.761397000000000000e+06 1.800638000000000000e+06 2.065301000000000000e+06 5.516060000000000000e+05 -5.828750000000000000e+05 -1.667613000000000000e+06 9.056620000000000000e+05 -4.371280000000000000e+05
3.053663000000000000e+06 -1.006318000000000000e+06 -6.548100000000000000e+04 -2.384976000000000000e+06 8.033960000000000000e+05 1.392732000000000000e+06 -3.650120000000000000e+05 5.200054000000000000e+06 1.380320000000000000e+06 -1.159632000000000000e+06 -3.233800000000000000e+05 -5.448550000000000000e+05 9.338500000000000000e+04 -9.129660000000000000e+05 1.944740000000000000e+06 -2.056636000000000000e+06 3.627340000000000000e+05 5.955400000000000000e+05 -9.962830000000000000e+05 -1.574418000000000000e+06
-2.793565000000000000e+06 -1.420430000000000000e+05 -1.036292000000000000e+06 -1.308080000000000000e+06 -2.029295000000000000e+06 -1.133502000000000000e+06 4.636660000000000000e+05 1.380320000000000000e+06 7.239897000000000000e+06 -1.871831000000000000e+06 4.984700000000000000e+05 -3.134820000000000000e+05 -2.897703000000000000e+06 -1.350229000000000000e+06 -7.023610000000000000e+05 -2.440839000000000000e+06 1.984144000000000000e+06 2.981470000000000000e+05 1.248760000000000000e+06 -2.066410000000000000e+06
-1.056556000000000000e+06 -4.805130000000000000e+05 1.362773000000000000e+06 2.392664000000000000e+06 2.220487000000000000e+06 -1.339833000000000000e+06 9.417700000000000000e+04 -1.159632000000000000e+06 -1.871831000000000000e+06 5.665346000000000000e+06 -9.769750000000000000e+05 -7.932700000000000000e+04 1.823299000000000000e+06 2.827405000000000000e+06 -1.007272000000000000e+06 3.666630000000000000e+05 -1.636817000000000000e+06 -2.022130000000000000e+05 -1.512125000000000000e+06 2.477110000000000000e+05
-8.689240000000000000e+05 1.179176000000000000e+06 -1.465620000000000000e+05 4.325440000000000000e+05 -1.210119000000000000e+06 -6.725330000000000000e+05 1.707194000000000000e+06 -3.233800000000000000e+05 4.984700000000000000e+05 -9.769750000000000000e+05 4.966488000000000000e+06 -2.126919000000000000e+06 -2.668442000000000000e+06 1.670034000000000000e+06 -2.478837000000000000e+06 1.061824000000000000e+06 -2.777922000000000000e+06 -8.559050000000000000e+05 1.279870000000000000e+05 1.965863000000000000e+06
-1.818980000000000000e+05 -2.039523000000000000e+06 -1.125654000000000000e+06 7.345600000000000000e+05 7.705770000000000000e+05 -1.276564000000000000e+06 -1.159190000000000000e+05 -5.448550000000000000e+05 -3.134820000000000000e+05 -7.932700000000000000e+04 -2.126919000000000000e+06 7.054246000000000000e+06 -1.547650000000000000e+05 -7.833410000000000000e+05 3.231920000000000000e+06 1.492120000000000000e+05 2.997261000000000000e+06 1.405816000000000000e+06 1.138660000000000000e+06 -1.340098000000000000e+06
1.656500000000000000e+04 1.654546000000000000e+06 2.044989000000000000e+06 1.475070000000000000e+05 1.175838000000000000e+06 2.327308000000000000e+06 -1.761397000000000000e+06 9.338500000000000000e+04 -2.897703000000000000e+06 1.823299000000000000e+06 -2.668442000000000000e+06 -1.547650000000000000e+05 7.919284000000000000e+06 -1.336736000000000000e+06 5.174190000000000000e+05 5.382500000000000000e+04 8.435090000000000000e+05 2.126864000000000000e+06 -2.373890000000000000e+05 2.163000000000000000e+04
-9.958730000000000000e+05 1.933800000000000000e+05 3.179120000000000000e+05 1.917618000000000000e+06 1.119657000000000000e+06 -1.318409000000000000e+06 1.800638000000000000e+06 -9.129660000000000000e+05 -1.350229000000000000e+06 2.827405000000000000e+06 1.670034000000000000e+06 -7.833410000000000000e+05 -1.336736000000000000e+06 6.973135000000000000e+06 -7.395400000000000000e+05 1.116735000000000000e+06 -3.190065000000000000e+06 -2.235801000000000000e+06 -6.027880000000000000e+05 2.938080000000000000e+06
1.885984000000000000e+06 -2.834741000000000000e+06 -8.173310000000000000e+05 -5.200710000000000000e+05 -3.729850000000000000e+05 -3.802780000000000000e+05 2.065301000000000000e+06 1.944740000000000000e+06 -7.023610000000000000e+05 -1.007272000000000000e+06 -2.478837000000000000e+06 3.231920000000000000e+06 5.174190000000000000e+05 -7.395400000000000000e+05 7.852058000000000000e+06 -1.462350000000000000e+05 2.588120000000000000e+06 -1.778000000000000000e+04 5.317950000000000000e+05 -2.467821000000000000e+06
-2.054110000000000000e+05 -5.816010000000000000e+05 3.072250000000000000e+05 6.558480000000000000e+05 8.901180000000000000e+05 -1.193553000000000000e+06 5.516060000000000000e+05 -2.056636000000000000e+06 -2.440839000000000000e+06 3.666630000000000000e+05 1.061824000000000000e+06 1.492120000000000000e+05 5.382500000000000000e+04 1.116735000000000000e+06 -1.462350000000000000e+05 4.817195000000000000e+06 -1.332677000000000000e+06 -1.538758000000000000e+06 1.148102000000000000e+06 -2.996660000000000000e+05
-1.096319000000000000e+06 -1.943894000000000000e+06 -1.374320000000000000e+05 -6.913290000000000000e+05 -1.342308000000000000e+06 2.077129000000000000e+06 -5.828750000000000000e+05 3.627340000000000000e+05 1.984144000000000000e+06 -1.636817000000000000e+06 -2.777922000000000000e+06 2.997261000000000000e+06 8.435090000000000000e+05 -3.190065000000000000e+06 2.588120000000000000e+06 -1.332677000000000000e+06 7.834460000000000000e+06 1.815234000000000000e+06 2.790900000000000000e+05 -1.729475000000000000e+06
4.111800000000000000e+04 2.103009000000000000e+06 1.940270000000000000e+05 -5.091030000000000000e+05 5.665810000000000000e+05 -4.465880000000000000e+05 -1.667613000000000000e+06 5.955400000000000000e+05 2.981470000000000000e+05 -2.022130000000000000e+05 -8.559050000000000000e+05 1.405816000000000000e+06 2.126864000000000000e+06 -2.235801000000000000e+06 -1.778000000000000000e+04 -1.538758000000000000e+06 1.815234000000000000e+06 6.346553000000000000e+06 -1.350300000000000000e+05 6.800380000000000000e+05
5.657030000000000000e+05 1.676730000000000000e+05 -9.174010000000000000e+05 1.136817000000000000e+06 -1.272136000000000000e+06 -2.206591000000000000e+06 9.056620000000000000e+05 -9.962830000000000000e+05 1.248760000000000000e+06 -1.512125000000000000e+06 1.279870000000000000e+05 1.138660000000000000e+06 -2.373890000000000000e+05 -6.027880000000000000e+05 5.317950000000000000e+05 1.148102000000000000e+06 2.790900000000000000e+05 -1.350300000000000000e+05 5.821709000000000000e+06 -1.171018000000000000e+06
-1.139839000000000000e+06 1.726640000000000000e+06 2.098101000000000000e+06 5.891940000000000000e+05 1.879685000000000000e+06 6.358950000000000000e+05 -4.371280000000000000e+05 -1.574418000000000000e+06 -2.066410000000000000e+06 2.477110000000000000e+05 1.965863000000000000e+06 -1.340098000000000000e+06 2.163000000000000000e+04 2.938080000000000000e+06 -2.467821000000000000e+06 -2.996660000000000000e+05 -1.729475000000000000e+06 6.800380000000000000e+05 -1.171018000000000000e+06 6.414828000000000000e+06
