6.032167000000000000e+06 -1.791037000000000000e+06 4.599180000000000000e+05 2.818900000000000000e+04 2.474330000000000000e+05 -5.190310000000000000e+05 2.424670000000000000e+05 -1.422430000000000000e+05 2.437514000000000000e+06 7.280000000000000000e+02 -1.179586000000000000e+06 -1.125852000000000000e+06 5.180900000000000000e+05 4.009848000000000000e+06 -8.396270000000000000e+05 -1.149699000000000000e+06 1.267189000000000000e+06 1.466738000000000000e+06 2.847420000000000000e+05 2.692750000000000000e+05
-1.791037000000000000e+06 7.429918000000000000e+06 -6.669300000000000000e+04 -6.599230000000000000e+05 1.191027000000000000e+06 1.097396000000000000e+06 2.054610000000000000e+06 -8.970370000000000000e+05 -3.160580000000000000e+06 -1.418381000000000000e+06 5.408160000000000000e+05 6.474000000000000000e+04 -7.350040000000000000e+05 -1.428601000000000000e+06 -1.277420000000000000e+06 -1.094398000000000000e+06 2.504370000000000000e+05 7.357180000000000000e+05 1.743941000000000000e+06 2.889716000000000000e+06
4.599180000000000000e+05 -6.669300000000000000e+04 3.302346000000000000e+06 1.751826000000000000e+06 1.752318000000000000e+06 4.101010000000000000e+05 2.305926000000000000e+06 1.430665000000000000e+06 3.105540000000000000e+05 1.645899000000000000e+06 -2.676435000000000000e+06 -7.218900000000000000e+04 -2.096677000000000000e+06 3.188460000000000000e+05 4.551260000000000000e+05 1.748257000000000000e+06 -1.231841000000000000e+06 4.948420000000000000e+05 1.520072000000000000e+06 2.770830000000000000e+05
2.818900000000000000e+04 -6.599230000000000000e+05 1.751826000000000000e+06 8.857949000000000000e+06 -1.265077000000000000e+06 -7.482260000000000000e+05 2.085610000000000000e+06 1.357239000000000000e+06 1.561980000000000000e+06 -1.986209000000000000e+06 -1.905060000000000000e+05 -1.412210000000000000e+05 -1.714000000000000000e+05 1.696358000000000000e+06 2.429811000000000000e+06 -1.211146000000000000e+06 -1.700143000000000000e+06 -3.214410000000000000e+05 -3.812840000000000000e+05 4.437110000000000000e+05
2.474330000000000000e+05 1.191027000000000000e+06 1.752318000000000000e+06 -1.265077000000000000e+06 6.841057000000000000e+06 4.359134000000000000e+06 1.425255000000000000e+06 2.599710000000000000e+06 -7.961980000000000000e+05 9.645850000000000000e+05 -1.264855000000000000e+06 9.197750000000000000e+05 -2.244460000000000000e+05 -7.632000000000000000e+04 7.076070000000000000e+05 2.374691000000000000e+06 3.010990000000000000e+05 8.903940000000000000e+05 1.255023000000000000e+06 -4.152200000000000000e+04
-5.190310000000000000e+05 1.097396000000000000e+06 4.101010000000000000e+05 -7.482260000000000000e+05 4.359134000000000000e+06 7.785835000000000000e+06 1.311629000000000000e+06 8.112870000000000000e+05 -2.969210000000000000e+05 -1.157235000000000000e+06 -1.033632000000000000e+06 -3.749810000000000000e+05 2.800660000000000000e+06 2.358853000000000000e+06 -2.085800000000000000e+05 -3.299710000000000000e+05 1.996529000000000000e+06 -1.163843000000000000e+06 1.855614000000000000e+06 2.300380000000000000e+06
2.424670000000000000e+05 2.054610000000000000e+06 2.305926000000000000e+06 2.085610000000000000e+06 1.425255000000000000e+06 1.311629000000000000e+06 4.834880000000000000e+06 1.190327000000000000e+06 -2.062330000000000000e+05 -1.224994000000000000e+06 -3.410488000000000000e+06 9.692230000000000000e+05 -1.430805000000000000e+06 -7.281300000000000000e+04 9.415920000000000000e+05 3.500590000000000000e+05 -1.615633000000000000e+06 1.889470000000000000e+05 7.334420000000000000e+05 1.761848000000000000e+06
-1.422430000000000000e+05 -8.970370000000000000e+05 1.430665000000000000e+06 1.357239000000000000e+06 2.599710000000000000e+06 8.112870000000000000e+05 1.190327000000000000e+06 5.700486000000000000e+06 8.881580000000000000e+05 1.394698000000000000e+06 -2.046862000000000000e+06 9.825950000000000000e+05 -1.287448000000000000e+06 -3.608260000000000000e+05 1.999917000000000000e+06 3.286653000000000000e+06 -2.507224000000000000e+06 4.704800000000000000e+05 -4.159230000000000000e+05 -3.785017000000000000e+06
2.437514000000000000e+06 -3.160580000000000000e+06 3.105540000000000000e+05 1.561980000000000000e+06 -7.961980000000000000e+05 -2.969210000000000000e+05 -2.062330000000000000e+05 8.881580000000000000e+05 4.922099000000000000e+06 -7.162490000000000000e+05 -1.780625000000000000e+06 -4.008500000000000000e+04 2.264600000000000000e+04 1.386452000000000000e+06 -9.237480000000000000e+05 -6.842470000000000000e+05 -2.909140000000000000e+05 3.039290000000000000e+05 -2.314376000000000000e+06 3.946650000000000000e+05
7.280000000000000000e+02 -1.418381000000000000e+06 1.645899000000000000e+06 -1.986209000000000000e+06 9.645850000000000000e+05 -1.157235000000000000e+06 -1.224994000000000000e+06 1.394698000000000000e+06 -7.162490000000000000e+05 7.730434000000000000e+06 2.655490000000000000e+05 9.153790000000000000e+05 -2.425817000000000000e+06 1.528680000000000000e+05 1.173891000000000000e+06 2.656260000000000000e+06 -6.825500000000000000e+04 -9.819990000000000000e+05 1.874738000000000000e+06 -2.074881000000000000e+06
-1.179586000000000000e+06 5.408160000000000000e+05 -2.676435000000000000e+06 -1.905060000000000000e+05 -1.264855000000000000e+06 -1.033632000000000000e+06 -3.410488000000000000e+06 -2.046862000000000000e+06 -1.780625000000000000e+06 2.655490000000000000e+05 8.373900000000000000e+06 -9.856810000000000000e+05 1.737348000000000000e+06 -1.069199000000000000e+06 -8.352160000000000000e+05 -2.615191000000000000e+06 8.861660000000000000e+05 -8.884970000000000000e+05 -7.842770000000000000e+05 3.926500000000000000e+05
-1.125852000000000000e+06 6.474000000000000000e+04 -7.218900000000000000e+04 -1.412210000000000000e+05 9.197750000000000000e+05 -3.749810000000000000e+05 9.692230000000000000e+05 9.825950000000000000e+05 -4.008500000000000000e+04 9.153790000000000000e+05 -9.856810000000000000e+05 6.929947000000000000e+06 1.395175000000000000e+06 -1.946213000000000000e+06 1.040848000000000000e+06 1.796600000000000000e+06 -7.710200000000000000e+05 -1.464544000000000000e+06 -1.913107000000000000e+06 -2.206120000000000000e+05
5.180900000000000000e+05 -7.350040000000000000e+05 -2.096677000000000000e+06 -1.714000000000000000e+05 -2.244460000000000000e+05 2.800660000000000000e+06 -1.430805000000000000e+06 -1.287448000000000000e+06 2.264600000000000000e+04 -2.425817000000000000e+06 1.737348000000000000e+06 1.395175000000000000e+06 7.167941000000000000e+06 2.202984000000000000e+06 2.781390000000000000e+05 -1.152921000000000000e+06 2.251084000000000000e+06 -1.646355000000000000e+06 9.258700000000000000e+04 2.775909000000000000e+06
4.009848000000000000e+06 -1.428601000000000000e+06 3.188460000000000000e+05 1.696358000000000000e+06 -7.632000000000000000e+04 2.358853000000000000e+06 -7.281300000000000000e+04 -3.608260000000000000e+05 1.386452000000000000e+06 1.528680000000000000e+05 -1.069199000000000000e+06 -1.946213000000000000e+06 2.202984000000000000e+06 8.816305000000000000e+06 1.128837000000000000e+06 -2.947408000000000000e+06 3.036698000000000000e+06 1.771140000000000000e+05 2.509137000000000000e+06 -2.275500000000000000e+05
-8.396270000000000000e+05 -1.277420000000000000e+06 4.551260000000000000e+05 2.429811000000000000e+06 7.076070000000000000e+05 -2.085800000000000000e+05 9.415920000000000000e+05 1.999917000000000000e+06 -9.237480000000000000e+05 1.173891000000000000e+06 -8.352160000000000000e+05 1.040848000000000000e+06 2.781390000000000000e+05 1.128837000000000000e+06 6.062591000000000000e+06 1.642016000000000000e+06 4.179090000000000000e+05 -1.022620000000000000e+05 9.156700000000000000e+04 -2.226590000000000000e+06
-1.149699000000000000e+06 -1.094398000000000000e+06 1.748257000000000000e+06 -1.211146000000000000e+06 2.374691000000000000e+06 -3.299710000000000000e+05 3.500590000000000000e+05 3.286653000000000000e+06 -6.842470000000000000e+05 2.656260000000000000e+06 -2.615191000000000000e+06 1.796600000000000000e+06 -1.152921000000000000e+06 -2.947408000000000000e+06 1.642016000000000000e+06 7.989558000000000000e+06 5.403590000000000000e+05 7.137300000000000000e+04 -5.772300000000000000e+05 -4.188712000000000000e+06
1.267189000000000000e+06 2.504370000000000000e+05 -1.231841000000000000e+06 -1.700143000000000000e+06 3.010990000000000000e+05 1.996529000000000000e+06 -1.615633000000000000e+06 -2.507224000000000000e+06 -2.909140000000000000e+05 -6.825500000000000000e+04 8.861660000000000000e+05 -7.710200000000000000e+05 2.251084000000000000e+06 3.036698000000000000e+06 4.179090000000000000e+05 5.403590000000000000e+05 6.674417000000000000e+06 -7.779220000000000000e+05 -2.307820000000000000e+05 2.051210000000000000e+05
1.466738000000000000e+06 7.357180000000000000e+05 4.948420000000000000e+05 -3.214410000000000000e+05 8.903940000000000000e+05 -1.163843000000000000e+06 1.889470000000000000e+05 4.704800000000000000e+05 3.039290000000000000e+05 -9.819990000000000000e+05 -8.884970000000000000e+05 -1.464544000000000000e+06 -1.646355000000000000e+06 1.771140000000000000e+05 -1.022620000000000000e+05 7.137300000000000000e+04 -7.779220000000000000e+05 5.314400000000000000e+06 6.994640000000000000e+05 5.328280000000000000e+05
2.847420000000000000e+05 1.743941000000000000e+06 1.520072000000000000e+06 -3.812840000000000000e+05 1.255023000000000000e+06 1.855614000000000000e+06 7.334420000000000000e+05 -4.159230000000000000e+05 -2.314376000000000000e+06 1.874738000000000000e+06 -7.842770000000000000e+05 -1.913107000000000000e+06 9.258700000000000000e+04 2.509137000000000000e+06 9.156700000000000000e+04 -5.772300000000000000e+05 -2.307820000000000000e+05 6.994640000000000000e+05 6.201337000000000000e+06 3.453170000000000000e+05
2.692750000000000000e+05 2.889716000000000000e+06 2.770830000000000000e+05 4.437110000000000000e+05 -4.152200000000000000e+04 2.300380000000000000e+06 1.761848000000000000e+06 -3.785017000000000000e+06 3.946650000000000000e+05 -2.074881000000000000e+06 3.926500000000000000e+05 -2.206120000000000000e+05 2.775909000000000000e+06 -2.275500000000000000e+05 -2.226590000000000000e+06 -4.188712000000000000e+06 2.051210000000000000e+05 5.328280000000000000e+05 3.453170000000000000e+05 1.029905500000000000e+07
