6.403437000000000000e+06 6.533990000000000000e+05 -1.339350000000000000e+06 -3.498720000000000000e+05 8.040470000000000000e+05 1.899873000000000000e+06 -3.091989000000000000e+06 1.113353000000000000e+06 2.060976000000000000e+06 -4.292600000000000000e+04 -2.984070000000000000e+05 -3.902877000000000000e+06 -1.738042000000000000e+06 3.137028000000000000e+06 1.548492000000000000e+06 -1.375972000000000000e+06 1.253744000000000000e+06 1.265114000000000000e+06 4.776350000000000000e+05 -8.488480000000000000e+05
6.533990000000000000e+05 6.733448000000000000e+06 -1.087353000000000000e+06 8.502000000000000000e+03 -3.635840000000000000e+05 4.700590000000000000e+05 -2.917981000000000000e+06 8.551500000000000000e+04 -4.646700000000000000e+04 -4.112400000000000000e+04 2.943692000000000000e+06 -5.095730000000000000e+05 3.904360000000000000e+05 -4.620400000000000000e+05 6.790290000000000000e+05 -7.435200000000000000e+04 3.150315000000000000e+06 -1.704020000000000000e+05 1.206120000000000000e+05 8.430060000000000000e+05
-1.339350000000000000e+06 -1.087353000000000000e+06 4.905213000000000000e+06 3.379600000000000000e+05 -4.299050000000000000e+05 -1.754734000000000000e+06 4.444510000000000000e+05 -2.601150000000000000e+05 -7.776520000000000000e+05 -7.371600000000000000e+04 -8.232060000000000000e+05 2.060126000000000000e+06 -7.152020000000000000e+05 -2.565914000000000000e+06 -1.275711000000000000e+06 2.267661000000000000e+06 -1.275428000000000000e+06 -7.308160000000000000e+05 -1.450255000000000000e+06 -7.357460000000000000e+05
-3.498720000000000000e+05 8.502000000000000000e+03 3.379600000000000000e+05 6.317528000000000000e+06 4.584300000000000000e+04 8.067180000000000000e+05 -5.303240000000000000e+05 -2.064012000000000000e+06 -2.668802000000000000e+06 7.008320000000000000e+05 -1.245630000000000000e+06 1.538357000000000000e+06 -3.092560000000000000e+05 -9.758320000000000000e+05 -5.947570000000000000e+05 4.453470000000000000e+05 -1.471827000000000000e+06 2.364530000000000000e+06 -2.272078000000000000e+06 9.570910000000000000e+05
8.040470000000000000e+05 -3.635840000000000000e+05 -4.299050000000000000e+05 4.584300000000000000e+04 5.404134000000000000e+06 -1.575078000000000000e+06 1.681730000000000000e+05 7.258900000000000000e+04 1.239827000000000000e+06 -1.415780000000000000e+05 -3.554230000000000000e+05 -6.138280000000000000e+05 -9.111880000000000000e+05 7.207560000000000000e+05 -8.866860000000000000e+05 1.669180000000000000e+05 -9.503770000000000000e+05 1.548029000000000000e+06 -1.278106000000000000e+06 -3.990070000000000000e+05
1.899873000000000000e+06 4.700590000000000000e+05 -1.754734000000000000e+06 8.067180000000000000e+05 -1.575078000000000000e+06 6.005999000000000000e+06 -8.397900000000000000e+04 -3.346890000000000000e+05 -3.926390000000000000e+05 6.907260000000000000e+05 1.507150000000000000e+05 3.503110000000000000e+05 2.587957000000000000e+06 -3.682310000000000000e+05 1.112953000000000000e+06 -7.549540000000000000e+05 -5.771460000000000000e+05 1.415046000000000000e+06 2.194220000000000000e+06 -3.687210000000000000e+05
-3.091989000000000000e+06 -2.917981000000000000e+06 4.444510000000000000e+05 -5.303240000000000000e+05 1.681730000000000000e+05 -8.397900000000000000e+04 8.252599000000000000e+06 -1.681246000000000000e+06 -1.070586000000000000e+06 -1.399934000000000000e+06 6.576400000000000000e+04 3.356630000000000000e+06 1.492615000000000000e+06 -1.199067000000000000e+06 -1.469678000000000000e+06 -1.940481000000000000e+06 -3.746153000000000000e+06 -3.526340000000000000e+05 2.335252000000000000e+06 8.651240000000000000e+05
1.113353000000000000e+06 8.551500000000000000e+04 -2.601150000000000000e+05 -2.064012000000000000e+06 7.258900000000000000e+04 -3.346890000000000000e+05 -1.681246000000000000e+06 7.642695000000000000e+06 7.984860000000000000e+05 -2.505834000000000000e+06 -6.540070000000000000e+05 -2.453525000000000000e+06 2.543604000000000000e+06 2.287078000000000000e+06 6.631640000000000000e+05 6.922770000000000000e+05 4.226711000000000000e+06 -2.562690000000000000e+05 -1.382897000000000000e+06 -1.579221000000000000e+06
2.060976000000000000e+06 -4.646700000000000000e+04 -7.776520000000000000e+05 -2.668802000000000000e+06 1.239827000000000000e+06 -3.926390000000000000e+05 -1.070586000000000000e+06 7.984860000000000000e+05 8.127158000000000000e+06 -1.806399000000000000e+06 3.483480000000000000e+05 -2.725873000000000000e+06 -6.891220000000000000e+05 1.410616000000000000e+06 1.640336000000000000e+06 2.414123000000000000e+06 -3.684930000000000000e+05 6.318770000000000000e+05 -7.616900000000000000e+04 1.990300000000000000e+06
-4.292600000000000000e+04 -4.112400000000000000e+04 -7.371600000000000000e+04 7.008320000000000000e+05 -1.415780000000000000e+05 6.907260000000000000e+05 -1.399934000000000000e+06 -2.505834000000000000e+06 -1.806399000000000000e+06 6.134114000000000000e+06 -1.920720000000000000e+05 1.581221000000000000e+06 -2.375430000000000000e+05 -2.187169000000000000e+06 -2.451592000000000000e+06 -1.416603000000000000e+06 -3.104970000000000000e+05 2.064560000000000000e+05 1.193980000000000000e+06 2.429620000000000000e+05
-2.984070000000000000e+05 2.943692000000000000e+06 -8.232060000000000000e+05 -1.245630000000000000e+06 -3.554230000000000000e+05 1.507150000000000000e+05 6.576400000000000000e+04 -6.540070000000000000e+05 3.483480000000000000e+05 -1.920720000000000000e+05 3.811045000000000000e+06 8.783180000000000000e+05 1.068026000000000000e+06 -5.161080000000000000e+05 -1.212700000000000000e+05 -2.738510000000000000e+05 9.423850000000000000e+05 -2.739640000000000000e+05 1.314527000000000000e+06 1.064617000000000000e+06
-3.902877000000000000e+06 -5.095730000000000000e+05 2.060126000000000000e+06 1.538357000000000000e+06 -6.138280000000000000e+05 3.503110000000000000e+05 3.356630000000000000e+06 -2.453525000000000000e+06 -2.725873000000000000e+06 1.581221000000000000e+06 8.783180000000000000e+05 6.205767000000000000e+06 1.650622000000000000e+06 -4.663400000000000000e+06 -8.256610000000000000e+05 -4.064900000000000000e+04 -1.694878000000000000e+06 1.450949000000000000e+06 -8.374680000000000000e+05 7.052050000000000000e+05
-1.738042000000000000e+06 3.904360000000000000e+05 -7.152020000000000000e+05 -3.092560000000000000e+05 -9.111880000000000000e+05 2.587957000000000000e+06 1.492615000000000000e+06 2.543604000000000000e+06 -6.891220000000000000e+05 -2.375430000000000000e+05 1.068026000000000000e+06 1.650622000000000000e+06 5.280726000000000000e+06 -7.447440000000000000e+05 3.450070000000000000e+05 -5.305860000000000000e+05 1.815290000000000000e+05 -2.311000000000000000e+04 7.922410000000000000e+05 9.297280000000000000e+05
3.137028000000000000e+06 -4.620400000000000000e+05 -2.565914000000000000e+06 -9.758320000000000000e+05 7.207560000000000000e+05 -3.682310000000000000e+05 -1.199067000000000000e+06 2.287078000000000000e+06 1.410616000000000000e+06 -2.187169000000000000e+06 -5.161080000000000000e+05 -4.663400000000000000e+06 -7.447440000000000000e+05 5.653355000000000000e+06 1.093471000000000000e+06 -2.425359000000000000e+06 1.727648000000000000e+06 -7.592110000000000000e+05 8.297400000000000000e+04 2.286500000000000000e+04
1.548492000000000000e+06 6.790290000000000000e+05 -1.275711000000000000e+06 -5.947570000000000000e+05 -8.866860000000000000e+05 1.112953000000000000e+06 -1.469678000000000000e+06 6.631640000000000000e+05 1.640336000000000000e+06 -2.451592000000000000e+06 -1.212700000000000000e+05 -8.256610000000000000e+05 3.450070000000000000e+05 1.093471000000000000e+06 8.063954000000000000e+06 1.179860000000000000e+05 5.442990000000000000e+05 1.250010000000000000e+05 -2.260393000000000000e+06 1.826167000000000000e+06
-1.375972000000000000e+06 -7.435200000000000000e+04 2.267661000000000000e+06 4.453470000000000000e+05 1.669180000000000000e+05 -7.549540000000000000e+05 -1.940481000000000000e+06 6.922770000000000000e+05 2.414123000000000000e+06 -1.416603000000000000e+06 -2.738510000000000000e+05 -4.064900000000000000e+04 -5.305860000000000000e+05 -2.425359000000000000e+06 1.179860000000000000e+05 6.358674000000000000e+06 -4.280260000000000000e+05 -3.301250000000000000e+05 -8.639710000000000000e+05 -2.435570000000000000e+05
1.253744000000000000e+06 3.150315000000000000e+06 -1.275428000000000000e+06 -1.471827000000000000e+06 -9.503770000000000000e+05 -5.771460000000000000e+05 -3.746153000000000000e+06 4.226711000000000000e+06 -3.684930000000000000e+05 -3.104970000000000000e+05 9.423850000000000000e+05 -1.694878000000000000e+06 1.815290000000000000e+05 1.727648000000000000e+06 5.442990000000000000e+05 -4.280260000000000000e+05 6.901741000000000000e+06 -6.624800000000000000e+04 -5.499870000000000000e+05 -2.644040000000000000e+05
1.265114000000000000e+06 -1.704020000000000000e+05 -7.308160000000000000e+05 2.364530000000000000e+06 1.548029000000000000e+06 1.415046000000000000e+06 -3.526340000000000000e+05 -2.562690000000000000e+05 6.318770000000000000e+05 2.064560000000000000e+05 -2.739640000000000000e+05 1.450949000000000000e+06 -2.311000000000000000e+04 -7.592110000000000000e+05 1.250010000000000000e+05 -3.301250000000000000e+05 -6.624800000000000000e+04 6.075286000000000000e+06 -1.774479000000000000e+06 1.595960000000000000e+06
4.776350000000000000e+05 1.206120000000000000e+05 -1.450255000000000000e+06 -2.272078000000000000e+06 -1.278106000000000000e+06 2.194220000000000000e+06 2.335252000000000000e+06 -1.382897000000000000e+06 -7.616900000000000000e+04 1.193980000000000000e+06 1.314527000000000000e+06 -8.374680000000000000e+05 7.922410000000000000e+05 8.297400000000000000e+04 -2.260393000000000000e+06 -8.639710000000000000e+05 -5.499870000000000000e+05 -1.774479000000000000e+06 7.176587000000000000e+06 9.352330000000000000e+05
-8.488480000000000000e+05 8.430060000000000000e+05 -7.357460000000000000e+05 9.570910000000000000e+05 -3.990070000000000000e+05 -3.687210000000000000e+05 8.651240000000000000e+05 -1.579221000000000000e+06 1.990300000000000000e+06 2.429620000000000000e+05 1.064617000000000000e+06 7.052050000000000000e+05 9.297280000000000000e+05 2.286500000000000000e+04 1.826167000000000000e+06 -2.435570000000000000e+05 -2.644040000000000000e+05 1.595960000000000000e+06 9.352330000000000000e+05 6.406764000000000000e+06
