4.912461000000000000e+06 -2.040050000000000000e+05 -1.921157000000000000e+06 -2.978490000000000000e+05 1.008612000000000000e+06 1.340762000000000000e+06 -5.306340000000000000e+05 1.116281000000000000e+06 6.863290000000000000e+05 -1.496516000000000000e+06 -8.318990000000000000e+05 -5.943800000000000000e+05 -3.717110000000000000e+05 1.607820000000000000e+05 2.619250000000000000e+05 -4.080370000000000000e+05 -2.180050000000000000e+05 1.728860000000000000e+05 -8.442860000000000000e+05 -1.920981000000000000e+06
-2.040050000000000000e+05 7.405850000000000000e+06 -2.115335000000000000e+06 -1.371662000000000000e+06 -1.611673000000000000e+06 4.766720000000000000e+05 -5.250400000000000000e+04 6.441900000000000000e+05 7.981790000000000000e+05 1.598400000000000000e+05 2.653810000000000000e+06 1.019437000000000000e+06 1.432534000000000000e+06 3.942635000000000000e+06 -3.465550000000000000e+05 -3.209684000000000000e+06 8.358730000000000000e+05 2.492642000000000000e+06 -1.109763000000000000e+06 4.035934000000000000e+06
-1.921157000000000000e+06 -2.115335000000000000e+06 9.781851000000000000e+06 1.252481000000000000e+06 -4.551470000000000000e+05 6.326550000000000000e+05 -2.067760000000000000e+06 1.324375000000000000e+06 -1.187486000000000000e+06 -1.994544000000000000e+06 5.980570000000000000e+05 1.321780000000000000e+06 -9.030450000000000000e+05 -1.614053000000000000e+06 1.829679000000000000e+06 1.296550000000000000e+05 1.396975000000000000e+06 8.410180000000000000e+05 4.354791000000000000e+06 -2.114231000000000000e+06
-2.978490000000000000e+05 -1.371662000000000000e+06 1.252481000000000000e+06 9.457998000000000000e+06 9.039400000000000000e+04 -8.570090000000000000e+05 5.080391000000000000e+06 -1.543000000000000000e+05 1.001756000000000000e+06 -1.601768000000000000e+06 -8.008350000000000000e+05 -2.353662000000000000e+06 -1.232496000000000000e+06 -6.899220000000000000e+05 9.689540000000000000e+05 -6.371900000000000000e+04 3.090228000000000000e+06 6.337840000000000000e+05 2.665356000000000000e+06 -4.915010000000000000e+05
1.008612000000000000e+06 -1.611673000000000000e+06 -4.551470000000000000e+05 9.039400000000000000e+04 6.985291000000000000e+06 9.617740000000000000e+05 -1.276176000000000000e+06 -1.765960000000000000e+05 1.766239000000000000e+06 -2.548443000000000000e+06 -3.052403000000000000e+06 -1.993410000000000000e+05 -3.432270000000000000e+05 -2.897346000000000000e+06 -1.885032000000000000e+06 -2.090410000000000000e+05 -1.088684000000000000e+06 -2.846127000000000000e+06 1.182078000000000000e+06 -1.482000000000000000e+06
1.340762000000000000e+06 4.766720000000000000e+05 6.326550000000000000e+05 -8.570090000000000000e+05 9.617740000000000000e+05 9.023487000000000000e+06 -1.414743000000000000e+06 -1.310891000000000000e+06 8.223010000000000000e+05 -5.388900000000000000e+05 -2.525166000000000000e+06 -2.822850000000000000e+05 -2.445660000000000000e+06 -3.092974000000000000e+06 7.655640000000000000e+05 1.405360000000000000e+06 -3.529230000000000000e+05 1.261824000000000000e+06 -2.246290000000000000e+05 -8.093970000000000000e+05
-5.306340000000000000e+05 -5.250400000000000000e+04 -2.067760000000000000e+06 5.080391000000000000e+06 -1.276176000000000000e+06 -1.414743000000000000e+06 5.439849000000000000e+06 2.671900000000000000e+05 -1.997980000000000000e+05 6.872560000000000000e+05 -1.919150000000000000e+05 -1.579787000000000000e+06 -4.391560000000000000e+05 9.304190000000000000e+05 2.566720000000000000e+05 -9.248070000000000000e+05 9.568500000000000000e+05 -8.691370000000000000e+05 4.520830000000000000e+05 1.085138000000000000e+06
1.116281000000000000e+06 6.441900000000000000e+05 1.324375000000000000e+06 -1.543000000000000000e+05 -1.765960000000000000e+05 -1.310891000000000000e+06 2.671900000000000000e+05 5.725162000000000000e+06 -2.738013000000000000e+06 1.231840000000000000e+05 6.019430000000000000e+05 -7.204370000000000000e+05 1.174133000000000000e+06 3.362812000000000000e+06 3.812550000000000000e+05 -2.118636000000000000e+06 1.607223000000000000e+06 -5.057800000000000000e+04 1.930299000000000000e+06 -1.575894000000000000e+06
6.863290000000000000e+05 7.981790000000000000e+05 -1.187486000000000000e+06 1.001756000000000000e+06 1.766239000000000000e+06 8.223010000000000000e+05 -1.997980000000000000e+05 -2.738013000000000000e+06 7.425302000000000000e+06 -3.636558000000000000e+06 -7.050330000000000000e+05 2.462454000000000000e+06 -1.365721000000000000e+06 -5.579420000000000000e+05 -8.149140000000000000e+05 2.560583000000000000e+06 -1.904903000000000000e+06 -8.449160000000000000e+05 5.776820000000000000e+05 -5.999210000000000000e+05
-1.496516000000000000e+06 1.598400000000000000e+05 -1.994544000000000000e+06 -1.601768000000000000e+06 -2.548443000000000000e+06 -5.388900000000000000e+05 6.872560000000000000e+05 1.231840000000000000e+05 -3.636558000000000000e+06 8.345672000000000000e+06 7.929610000000000000e+05 -6.202020000000000000e+05 6.084730000000000000e+05 1.262887000000000000e+06 2.460210000000000000e+05 -3.192890000000000000e+05 -2.708420000000000000e+06 1.317185000000000000e+06 -8.583000000000000000e+04 1.554752000000000000e+06
-8.318990000000000000e+05 2.653810000000000000e+06 5.980570000000000000e+05 -8.008350000000000000e+05 -3.052403000000000000e+06 -2.525166000000000000e+06 -1.919150000000000000e+05 6.019430000000000000e+05 -7.050330000000000000e+05 7.929610000000000000e+05 6.182874000000000000e+06 -4.175940000000000000e+05 4.627850000000000000e+05 2.614942000000000000e+06 -9.673280000000000000e+05 -1.162902000000000000e+06 3.767800000000000000e+05 8.856640000000000000e+05 7.449000000000000000e+05 4.261690000000000000e+05
-5.943800000000000000e+05 1.019437000000000000e+06 1.321780000000000000e+06 -2.353662000000000000e+06 -1.993410000000000000e+05 -2.822850000000000000e+05 -1.579787000000000000e+06 -7.204370000000000000e+05 2.462454000000000000e+06 -6.202020000000000000e+05 -4.175940000000000000e+05 4.466031000000000000e+06 -2.930270000000000000e+05 1.216370000000000000e+05 1.174220000000000000e+05 -2.248330000000000000e+05 -1.924521000000000000e+06 9.688370000000000000e+05 2.922570000000000000e+05 4.225730000000000000e+05
-3.717110000000000000e+05 1.432534000000000000e+06 -9.030450000000000000e+05 -1.232496000000000000e+06 -3.432270000000000000e+05 -2.445660000000000000e+06 -4.391560000000000000e+05 1.174133000000000000e+06 -1.365721000000000000e+06 6.084730000000000000e+05 4.627850000000000000e+05 -2.930270000000000000e+05 5.648824000000000000e+06 5.117470000000000000e+05 2.047845000000000000e+06 -1.858125000000000000e+06 5.369220000000000000e+05 -2.042170000000000000e+05 -1.255636000000000000e+06 8.157660000000000000e+05
1.607820000000000000e+05 3.942635000000000000e+06 -1.614053000000000000e+06 -6.899220000000000000e+05 -2.897346000000000000e+06 -3.092974000000000000e+06 9.304190000000000000e+05 3.362812000000000000e+06 -5.579420000000000000e+05 1.262887000000000000e+06 2.614942000000000000e+06 1.216370000000000000e+05 5.117470000000000000e+05 8.432598000000000000e+06 -1.699369000000000000e+06 -2.687950000000000000e+06 2.364029000000000000e+06 1.862050000000000000e+06 2.637590000000000000e+05 2.054735000000000000e+06
2.619250000000000000e+05 -3.465550000000000000e+05 1.829679000000000000e+06 9.689540000000000000e+05 -1.885032000000000000e+06 7.655640000000000000e+05 2.566720000000000000e+05 3.812550000000000000e+05 -8.149140000000000000e+05 2.460210000000000000e+05 -9.673280000000000000e+05 1.174220000000000000e+05 2.047845000000000000e+06 -1.699369000000000000e+06 7.809946000000000000e+06 2.108379000000000000e+06 2.011860000000000000e+05 2.485902000000000000e+06 8.890740000000000000e+05 -6.234660000000000000e+05
-4.080370000000000000e+05 -3.209684000000000000e+06 1.296550000000000000e+05 -6.371900000000000000e+04 -2.090410000000000000e+05 1.405360000000000000e+06 -9.248070000000000000e+05 -2.118636000000000000e+06 2.560583000000000000e+06 -3.192890000000000000e+05 -1.162902000000000000e+06 -2.248330000000000000e+05 -1.858125000000000000e+06 -2.687950000000000000e+06 2.108379000000000000e+06 6.790308000000000000e+06 -1.873083000000000000e+06 -1.173280000000000000e+06 6.360440000000000000e+05 -1.847363000000000000e+06
-2.180050000000000000e+05 8.358730000000000000e+05 1.396975000000000000e+06 3.090228000000000000e+06 -1.088684000000000000e+06 -3.529230000000000000e+05 9.568500000000000000e+05 1.607223000000000000e+06 -1.904903000000000000e+06 -2.708420000000000000e+06 3.767800000000000000e+05 -1.924521000000000000e+06 5.369220000000000000e+05 2.364029000000000000e+06 2.011860000000000000e+05 -1.873083000000000000e+06 7.721658000000000000e+06 1.158987000000000000e+06 -4.917300000000000000e+04 6.849890000000000000e+05
1.728860000000000000e+05 2.492642000000000000e+06 8.410180000000000000e+05 6.337840000000000000e+05 -2.846127000000000000e+06 1.261824000000000000e+06 -8.691370000000000000e+05 -5.057800000000000000e+04 -8.449160000000000000e+05 1.317185000000000000e+06 8.856640000000000000e+05 9.688370000000000000e+05 -2.042170000000000000e+05 1.862050000000000000e+06 2.485902000000000000e+06 -1.173280000000000000e+06 1.158987000000000000e+06 7.491088000000000000e+06 2.121230000000000000e+05 1.027018000000000000e+06
-8.442860000000000000e+05 -1.109763000000000000e+06 4.354791000000000000e+06 2.665356000000000000e+06 1.182078000000000000e+06 -2.246290000000000000e+05 4.520830000000000000e+05 1.930299000000000000e+06 5.776820000000000000e+05 -8.583000000000000000e+04 7.449000000000000000e+05 2.922570000000000000e+05 -1.255636000000000000e+06 2.637590000000000000e+05 8.890740000000000000e+05 6.360440000000000000e+05 -4.917300000000000000e+04 2.121230000000000000e+05 5.750895000000000000e+06 -2.097428000000000000e+06
-1.920981000000000000e+06 4.035934000000000000e+06 -2.114231000000000000e+06 -4.915010000000000000e+05 -1.482000000000000000e+06 -8.093970000000000000e+05 1.085138000000000000e+06 -1.575894000000000000e+06 -5.999210000000000000e+05 1.554752000000000000e+06 4.261690000000000000e+05 4.225730000000000000e+05 8.157660000000000000e+05 2.054735000000000000e+06 -6.234660000000000000e+05 -1.847363000000000000e+06 6.849890000000000000e+05 1.027018000000000000e+06 -2.097428000000000000e+06 5.052044000000000000e+06
