7.779559000000000000e+06 -1.633644000000000000e+06 1.378020000000000000e+05 -3.328402000000000000e+06 -9.501320000000000000e+05 4.256230000000000000e+05 2.412056000000000000e+06 -1.652050000000000000e+05 -9.883470000000000000e+05 2.601868000000000000e+06 -9.398100000000000000e+04 -2.349765000000000000e+06 7.588660000000000000e+05 -1.789724000000000000e+06 -3.402796000000000000e+06 1.562807000000000000e+06 -1.393000000000000000e+04 -2.368765000000000000e+06 1.191027000000000000e+06 3.159443000000000000e+06
-1.633644000000000000e+06 5.888866000000000000e+06 -3.345646000000000000e+06 1.042898000000000000e+06 -1.441432000000000000e+06 -2.786561000000000000e+06 4.934760000000000000e+05 -2.331402000000000000e+06 -1.548300000000000000e+04 -1.398516000000000000e+06 -1.511066000000000000e+06 3.229944000000000000e+06 -1.357078000000000000e+06 1.896282000000000000e+06 2.206109000000000000e+06 -1.700015000000000000e+06 1.500287000000000000e+06 -1.918614000000000000e+06 1.017805000000000000e+06 -7.071970000000000000e+05
1.378020000000000000e+05 -3.345646000000000000e+06 7.606965000000000000e+06 7.202810000000000000e+05 2.859380000000000000e+05 4.941990000000000000e+05 -8.329850000000000000e+05 5.866330000000000000e+05 -1.192887000000000000e+06 1.447408000000000000e+06 7.917600000000000000e+04 -2.709052000000000000e+06 9.695790000000000000e+05 4.822680000000000000e+05 -1.045947000000000000e+06 1.458631000000000000e+06 6.845010000000000000e+05 2.086677000000000000e+06 1.995940000000000000e+05 5.826040000000000000e+05
-3.328402000000000000e+06 1.042898000000000000e+06 7.202810000000000000e+05 6.513007000000000000e+06 7.406680000000000000e+05 -2.242293000000000000e+06 -1.013720000000000000e+05 1.325726000000000000e+06 9.753250000000000000e+05 -3.200447000000000000e+06 -2.587240000000000000e+05 1.988307000000000000e+06 -2.099356000000000000e+06 -2.153320000000000000e+05 3.235547000000000000e+06 -2.565982000000000000e+06 -1.620540000000000000e+06 8.474000000000000000e+05 -1.720142000000000000e+06 -9.741260000000000000e+05
-9.501320000000000000e+05 -1.441432000000000000e+06 2.859380000000000000e+05 7.406680000000000000e+05 9.029201000000000000e+06 3.580220000000000000e+05 1.645049000000000000e+06 9.754440000000000000e+05 -1.697920000000000000e+05 -3.816530000000000000e+05 1.115909000000000000e+06 -2.800710000000000000e+05 -2.075612000000000000e+06 -4.463540000000000000e+05 -1.605516000000000000e+06 -1.055228000000000000e+06 -1.702683000000000000e+06 7.875940000000000000e+05 -6.718200000000000000e+05 1.115573000000000000e+06
4.256230000000000000e+05 -2.786561000000000000e+06 4.941990000000000000e+05 -2.242293000000000000e+06 3.580220000000000000e+05 6.200338000000000000e+06 -3.826123000000000000e+06 1.343830000000000000e+06 -2.692931000000000000e+06 1.025366000000000000e+06 4.389630000000000000e+05 -1.795793000000000000e+06 3.230509000000000000e+06 1.365407000000000000e+06 1.129510000000000000e+05 1.762359000000000000e+06 -5.639790000000000000e+05 1.146890000000000000e+06 8.270130000000000000e+05 -5.903350000000000000e+05
2.412056000000000000e+06 4.934760000000000000e+05 -8.329850000000000000e+05 -1.013720000000000000e+05 1.645049000000000000e+06 -3.826123000000000000e+06 9.005770000000000000e+06 6.491890000000000000e+05 3.675242000000000000e+06 -2.498879000000000000e+06 -5.700200000000000000e+04 2.468339000000000000e+06 -4.949191000000000000e+06 -1.795502000000000000e+06 -1.778931000000000000e+06 -1.914446000000000000e+06 -1.380191000000000000e+06 -1.950374000000000000e+06 -5.984720000000000000e+05 2.798413000000000000e+06
-1.652050000000000000e+05 -2.331402000000000000e+06 5.866330000000000000e+05 1.325726000000000000e+06 9.754440000000000000e+05 1.343830000000000000e+06 6.491890000000000000e+05 8.502447000000000000e+06 1.047842000000000000e+06 -4.401131000000000000e+06 2.448224000000000000e+06 6.992700000000000000e+05 -1.919721000000000000e+06 -1.469108000000000000e+06 -9.101600000000000000e+04 -6.551880000000000000e+05 -2.025204000000000000e+06 8.124300000000000000e+05 -9.493110000000000000e+05 1.235291000000000000e+06
-9.883470000000000000e+05 -1.548300000000000000e+04 -1.192887000000000000e+06 9.753250000000000000e+05 -1.697920000000000000e+05 -2.692931000000000000e+06 3.675242000000000000e+06 1.047842000000000000e+06 7.870639000000000000e+06 -3.525460000000000000e+05 3.698500000000000000e+05 1.651948000000000000e+06 -2.797749000000000000e+06 -6.516540000000000000e+05 -1.280341000000000000e+06 -2.409574000000000000e+06 -1.171238000000000000e+06 5.794820000000000000e+05 -2.526237000000000000e+06 1.030735000000000000e+06
2.601868000000000000e+06 -1.398516000000000000e+06 1.447408000000000000e+06 -3.200447000000000000e+06 -3.816530000000000000e+05 1.025366000000000000e+06 -2.498879000000000000e+06 -4.401131000000000000e+06 -3.525460000000000000e+05 7.092584000000000000e+06 -1.461252000000000000e+06 -3.147902000000000000e+06 2.522592000000000000e+06 4.456000000000000000e+04 -2.138009000000000000e+06 2.031332000000000000e+06 1.753588000000000000e+06 -1.320220000000000000e+05 7.971280000000000000e+05 -5.627230000000000000e+05
-9.398100000000000000e+04 -1.511066000000000000e+06 7.917600000000000000e+04 -2.587240000000000000e+05 1.115909000000000000e+06 4.389630000000000000e+05 -5.700200000000000000e+04 2.448224000000000000e+06 3.698500000000000000e+05 -1.461252000000000000e+06 6.194439000000000000e+06 -2.556890000000000000e+05 -3.228730000000000000e+05 4.306210000000000000e+05 -1.286565000000000000e+06 1.534896000000000000e+06 -3.625730000000000000e+05 8.215300000000000000e+05 9.653540000000000000e+05 1.305210000000000000e+05
-2.349765000000000000e+06 3.229944000000000000e+06 -2.709052000000000000e+06 1.988307000000000000e+06 -2.800710000000000000e+05 -1.795793000000000000e+06 2.468339000000000000e+06 6.992700000000000000e+05 1.651948000000000000e+06 -3.147902000000000000e+06 -2.556890000000000000e+05 8.264004000000000000e+06 -2.850456000000000000e+06 2.929872000000000000e+06 2.473680000000000000e+06 -9.760130000000000000e+05 -5.548520000000000000e+05 -2.150447000000000000e+06 4.623990000000000000e+05 1.397396000000000000e+06
7.588660000000000000e+05 -1.357078000000000000e+06 9.695790000000000000e+05 -2.099356000000000000e+06 -2.075612000000000000e+06 3.230509000000000000e+06 -4.949191000000000000e+06 -1.919721000000000000e+06 -2.797749000000000000e+06 2.522592000000000000e+06 -3.228730000000000000e+05 -2.850456000000000000e+06 7.022850000000000000e+06 -7.492440000000000000e+05 -8.877680000000000000e+05 2.188798000000000000e+06 2.374826000000000000e+06 9.507460000000000000e+05 -1.948940000000000000e+05 1.091174000000000000e+06
-1.789724000000000000e+06 1.896282000000000000e+06 4.822680000000000000e+05 -2.153320000000000000e+05 -4.463540000000000000e+05 1.365407000000000000e+06 -1.795502000000000000e+06 -1.469108000000000000e+06 -6.516540000000000000e+05 4.456000000000000000e+04 4.306210000000000000e+05 2.929872000000000000e+06 -7.492440000000000000e+05 7.327003000000000000e+06 4.245610000000000000e+05 8.322050000000000000e+05 1.612578000000000000e+06 -6.941750000000000000e+05 1.380971000000000000e+06 -1.690130000000000000e+06
-3.402796000000000000e+06 2.206109000000000000e+06 -1.045947000000000000e+06 3.235547000000000000e+06 -1.605516000000000000e+06 1.129510000000000000e+05 -1.778931000000000000e+06 -9.101600000000000000e+04 -1.280341000000000000e+06 -2.138009000000000000e+06 -1.286565000000000000e+06 2.473680000000000000e+06 -8.877680000000000000e+05 4.245610000000000000e+05 7.527969000000000000e+06 -1.071067000000000000e+06 -6.161750000000000000e+05 -1.683790000000000000e+05 -1.587587000000000000e+06 -2.983358000000000000e+06
1.562807000000000000e+06 -1.700015000000000000e+06 1.458631000000000000e+06 -2.565982000000000000e+06 -1.055228000000000000e+06 1.762359000000000000e+06 -1.914446000000000000e+06 -6.551880000000000000e+05 -2.409574000000000000e+06 2.031332000000000000e+06 1.534896000000000000e+06 -9.760130000000000000e+05 2.188798000000000000e+06 8.322050000000000000e+05 -1.071067000000000000e+06 6.396537000000000000e+06 2.408914000000000000e+06 -1.509929000000000000e+06 4.000602000000000000e+06 3.213700000000000000e+04
-1.393000000000000000e+04 1.500287000000000000e+06 6.845010000000000000e+05 -1.620540000000000000e+06 -1.702683000000000000e+06 -5.639790000000000000e+05 -1.380191000000000000e+06 -2.025204000000000000e+06 -1.171238000000000000e+06 1.753588000000000000e+06 -3.625730000000000000e+05 -5.548520000000000000e+05 2.374826000000000000e+06 1.612578000000000000e+06 -6.161750000000000000e+05 2.408914000000000000e+06 6.765698000000000000e+06 -2.636351000000000000e+06 6.314700000000000000e+04 -1.633019000000000000e+06
-2.368765000000000000e+06 -1.918614000000000000e+06 2.086677000000000000e+06 8.474000000000000000e+05 7.875940000000000000e+05 1.146890000000000000e+06 -1.950374000000000000e+06 8.124300000000000000e+05 5.794820000000000000e+05 -1.320220000000000000e+05 8.215300000000000000e+05 -2.150447000000000000e+06 9.507460000000000000e+05 -6.941750000000000000e+05 -1.683790000000000000e+05 -1.509929000000000000e+06 -2.636351000000000000e+06 5.372204000000000000e+06 -1.251875000000000000e+06 5.628420000000000000e+05
1.191027000000000000e+06 1.017805000000000000e+06 1.995940000000000000e+05 -1.720142000000000000e+06 -6.718200000000000000e+05 8.270130000000000000e+05 -5.984720000000000000e+05 -9.493110000000000000e+05 -2.526237000000000000e+06 7.971280000000000000e+05 9.653540000000000000e+05 4.623990000000000000e+05 -1.948940000000000000e+05 1.380971000000000000e+06 -1.587587000000000000e+06 4.000602000000000000e+06 6.314700000000000000e+04 -1.251875000000000000e+06 7.101191000000000000e+06 4.179790000000000000e+05
3.159443000000000000e+06 -7.071970000000000000e+05 5.826040000000000000e+05 -9.741260000000000000e+05 1.115573000000000000e+06 -5.903350000000000000e+05 2.798413000000000000e+06 1.235291000000000000e+06 1.030735000000000000e+06 -5.627230000000000000e+05 1.305210000000000000e+05 1.397396000000000000e+06 1.091174000000000000e+06 -1.690130000000000000e+06 -2.983358000000000000e+06 3.213700000000000000e+04 -1.633019000000000000e+06 5.628420000000000000e+05 4.179790000000000000e+05 6.717733000000000000e+06
