7.330895000000000000e+06 -9.873140000000000000e+05 5.511520000000000000e+05 1.012466000000000000e+06 8.497910000000000000e+05 8.130120000000000000e+05 -7.778800000000000000e+05 4.684300000000000000e+05 -9.904350000000000000e+05 -3.263940000000000000e+05 -2.676720000000000000e+06 -1.773826000000000000e+06 8.402860000000000000e+05 2.537327000000000000e+06 1.156990000000000000e+06 -6.579590000000000000e+05 8.665120000000000000e+05 2.247174000000000000e+06 4.801101000000000000e+06 -7.570290000000000000e+05
-9.873140000000000000e+05 6.373399000000000000e+06 2.411850000000000000e+05 8.200500000000000000e+05 4.419930000000000000e+05 -2.593448000000000000e+06 -9.950500000000000000e+05 -1.494040000000000000e+06 1.441097000000000000e+06 -3.223921000000000000e+06 1.222142000000000000e+06 2.539278000000000000e+06 -8.475000000000000000e+04 -3.519910000000000000e+05 -1.685040000000000000e+06 -6.747500000000000000e+04 2.761541000000000000e+06 5.025090000000000000e+05 -1.369572000000000000e+06 1.880862000000000000e+06
5.511520000000000000e+05 2.411850000000000000e+05 4.810818000000000000e+06 1.294358000000000000e+06 8.957620000000000000e+05 -2.530160000000000000e+05 1.190878000000000000e+06 -1.127960000000000000e+05 1.389797000000000000e+06 -3.906720000000000000e+05 1.529313000000000000e+06 4.239990000000000000e+05 -2.118873000000000000e+06 -5.008140000000000000e+05 2.922700000000000000e+05 -1.305770000000000000e+05 4.039400000000000000e+04 1.468200000000000000e+06 -1.403883000000000000e+06 2.206830000000000000e+05
1.012466000000000000e+06 8.200500000000000000e+05 1.294358000000000000e+06 5.402840000000000000e+06 5.119400000000000000e+05 -1.272802000000000000e+06 2.378370000000000000e+05 3.855250000000000000e+05 2.808289000000000000e+06 8.010870000000000000e+05 -7.506350000000000000e+05 1.464292000000000000e+06 -1.061558000000000000e+06 6.108010000000000000e+05 1.082227000000000000e+06 -2.280451000000000000e+06 -7.701410000000000000e+05 2.203434000000000000e+06 -4.001170000000000000e+05 -1.814268000000000000e+06
8.497910000000000000e+05 4.419930000000000000e+05 8.957620000000000000e+05 5.119400000000000000e+05 6.747623000000000000e+06 1.079990000000000000e+05 -1.190889000000000000e+06 6.557270000000000000e+05 2.588808000000000000e+06 6.339300000000000000e+05 -1.210699000000000000e+06 1.930722000000000000e+06 -6.520260000000000000e+05 1.616630000000000000e+05 -1.407850000000000000e+06 2.120360000000000000e+05 3.587189000000000000e+06 -1.353062000000000000e+06 -8.659180000000000000e+05 1.949064000000000000e+06
8.130120000000000000e+05 -2.593448000000000000e+06 -2.530160000000000000e+05 -1.272802000000000000e+06 1.079990000000000000e+05 6.109725000000000000e+06 1.086693000000000000e+06 1.774486000000000000e+06 -3.379440000000000000e+06 3.568650000000000000e+05 -5.225350000000000000e+05 -1.226333000000000000e+06 7.174100000000000000e+05 4.730530000000000000e+05 -1.823340000000000000e+05 1.383980000000000000e+06 -1.684734000000000000e+06 -1.082474000000000000e+06 8.611060000000000000e+05 -5.105440000000000000e+05
-7.778800000000000000e+05 -9.950500000000000000e+05 1.190878000000000000e+06 2.378370000000000000e+05 -1.190889000000000000e+06 1.086693000000000000e+06 5.387404000000000000e+06 9.930140000000000000e+05 -2.085780000000000000e+05 8.003580000000000000e+05 2.237651000000000000e+06 1.472074000000000000e+06 3.149600000000000000e+04 8.189290000000000000e+05 2.843069000000000000e+06 -1.035617000000000000e+06 -5.671380000000000000e+05 1.647927000000000000e+06 -4.986790000000000000e+05 -2.454391000000000000e+06
4.684300000000000000e+05 -1.494040000000000000e+06 -1.127960000000000000e+05 3.855250000000000000e+05 6.557270000000000000e+05 1.774486000000000000e+06 9.930140000000000000e+05 6.293210000000000000e+06 -1.707342000000000000e+06 2.318239000000000000e+06 -3.888630000000000000e+05 -2.739850000000000000e+05 -4.247280000000000000e+05 7.768790000000000000e+05 1.132475000000000000e+06 -3.459300000000000000e+05 -1.004366000000000000e+06 -2.477219000000000000e+06 6.539070000000000000e+05 2.861416000000000000e+06
-9.904350000000000000e+05 1.441097000000000000e+06 1.389797000000000000e+06 2.808289000000000000e+06 2.588808000000000000e+06 -3.379440000000000000e+06 -2.085780000000000000e+05 -1.707342000000000000e+06 6.934803000000000000e+06 9.389300000000000000e+05 -5.749010000000000000e+05 1.414359000000000000e+06 -2.250083000000000000e+06 -1.218772000000000000e+06 6.570630000000000000e+05 -3.542895000000000000e+06 2.481542000000000000e+06 7.770170000000000000e+05 -1.297200000000000000e+06 -3.098870000000000000e+05
-3.263940000000000000e+05 -3.223921000000000000e+06 -3.906720000000000000e+05 8.010870000000000000e+05 6.339300000000000000e+05 3.568650000000000000e+05 8.003580000000000000e+05 2.318239000000000000e+06 9.389300000000000000e+05 7.190197000000000000e+06 -2.424482000000000000e+06 -1.159644000000000000e+06 -2.081295000000000000e+06 2.007984000000000000e+06 7.003220000000000000e+05 -5.613900000000000000e+05 -2.468470000000000000e+06 -1.752425000000000000e+06 1.228685000000000000e+06 -2.898020000000000000e+05
-2.676720000000000000e+06 1.222142000000000000e+06 1.529313000000000000e+06 -7.506350000000000000e+05 -1.210699000000000000e+06 -5.225350000000000000e+05 2.237651000000000000e+06 -3.888630000000000000e+05 -5.749010000000000000e+05 -2.424482000000000000e+06 8.249354000000000000e+06 -3.723140000000000000e+05 2.463590000000000000e+05 4.598200000000000000e+05 -2.068290000000000000e+05 4.205510000000000000e+05 -6.829070000000000000e+05 2.233820000000000000e+05 -1.486486000000000000e+06 -6.793950000000000000e+05
-1.773826000000000000e+06 2.539278000000000000e+06 4.239990000000000000e+05 1.464292000000000000e+06 1.930722000000000000e+06 -1.226333000000000000e+06 1.472074000000000000e+06 -2.739850000000000000e+05 1.414359000000000000e+06 -1.159644000000000000e+06 -3.723140000000000000e+05 7.520634000000000000e+06 6.963910000000000000e+05 -3.480710000000000000e+05 -7.492140000000000000e+05 1.976820000000000000e+05 3.254688000000000000e+06 -7.774510000000000000e+05 -1.744345000000000000e+06 -1.825910000000000000e+05
8.402860000000000000e+05 -8.475000000000000000e+04 -2.118873000000000000e+06 -1.061558000000000000e+06 -6.520260000000000000e+05 7.174100000000000000e+05 3.149600000000000000e+04 -4.247280000000000000e+05 -2.250083000000000000e+06 -2.081295000000000000e+06 2.463590000000000000e+05 6.963910000000000000e+05 4.631113000000000000e+06 1.058790000000000000e+05 3.841140000000000000e+05 8.920620000000000000e+05 1.239266000000000000e+06 4.248050000000000000e+05 1.045221000000000000e+06 -1.917093000000000000e+06
2.537327000000000000e+06 -3.519910000000000000e+05 -5.008140000000000000e+05 6.108010000000000000e+05 1.616630000000000000e+05 4.730530000000000000e+05 8.189290000000000000e+05 7.768790000000000000e+05 -1.218772000000000000e+06 2.007984000000000000e+06 4.598200000000000000e+05 -3.480710000000000000e+05 1.058790000000000000e+05 6.172441000000000000e+06 -9.309350000000000000e+05 1.481304000000000000e+06 -7.543670000000000000e+05 1.542918000000000000e+06 3.653537000000000000e+06 -7.378210000000000000e+05
1.156990000000000000e+06 -1.685040000000000000e+06 2.922700000000000000e+05 1.082227000000000000e+06 -1.407850000000000000e+06 -1.823340000000000000e+05 2.843069000000000000e+06 1.132475000000000000e+06 6.570630000000000000e+05 7.003220000000000000e+05 -2.068290000000000000e+05 -7.492140000000000000e+05 3.841140000000000000e+05 -9.309350000000000000e+05 7.175106000000000000e+06 -1.931543000000000000e+06 -4.909380000000000000e+05 8.425880000000000000e+05 1.099533000000000000e+06 -2.760002000000000000e+06
-6.579590000000000000e+05 -6.747500000000000000e+04 -1.305770000000000000e+05 -2.280451000000000000e+06 2.120360000000000000e+05 1.383980000000000000e+06 -1.035617000000000000e+06 -3.459300000000000000e+05 -3.542895000000000000e+06 -5.613900000000000000e+05 4.205510000000000000e+05 1.976820000000000000e+05 8.920620000000000000e+05 1.481304000000000000e+06 -1.931543000000000000e+06 5.624904000000000000e+06 -1.010380000000000000e+06 -6.504810000000000000e+05 4.956730000000000000e+05 1.295332000000000000e+06
8.665120000000000000e+05 2.761541000000000000e+06 4.039400000000000000e+04 -7.701410000000000000e+05 3.587189000000000000e+06 -1.684734000000000000e+06 -5.671380000000000000e+05 -1.004366000000000000e+06 2.481542000000000000e+06 -2.468470000000000000e+06 -6.829070000000000000e+05 3.254688000000000000e+06 1.239266000000000000e+06 -7.543670000000000000e+05 -4.909380000000000000e+05 -1.010380000000000000e+06 7.465362000000000000e+06 -1.017840000000000000e+06 1.114919000000000000e+06 3.301210000000000000e+05
2.247174000000000000e+06 5.025090000000000000e+05 1.468200000000000000e+06 2.203434000000000000e+06 -1.353062000000000000e+06 -1.082474000000000000e+06 1.647927000000000000e+06 -2.477219000000000000e+06 7.770170000000000000e+05 -1.752425000000000000e+06 2.233820000000000000e+05 -7.774510000000000000e+05 4.248050000000000000e+05 1.542918000000000000e+06 8.425880000000000000e+05 -6.504810000000000000e+05 -1.017840000000000000e+06 6.263072000000000000e+06 4.749500000000000000e+04 -2.135409000000000000e+06
4.801101000000000000e+06 -1.369572000000000000e+06 -1.403883000000000000e+06 -4.001170000000000000e+05 -8.659180000000000000e+05 8.611060000000000000e+05 -4.986790000000000000e+05 6.539070000000000000e+05 -1.297200000000000000e+06 1.228685000000000000e+06 -1.486486000000000000e+06 -1.744345000000000000e+06 1.045221000000000000e+06 3.653537000000000000e+06 1.099533000000000000e+06 4.956730000000000000e+05 1.114919000000000000e+06 4.749500000000000000e+04 7.767339000000000000e+06 -6.132470000000000000e+05
-7.570290000000000000e+05 1.880862000000000000e+06 2.206830000000000000e+05 -1.814268000000000000e+06 1.949064000000000000e+06 -5.105440000000000000e+05 -2.454391000000000000e+06 2.861416000000000000e+06 -3.098870000000000000e+05 -2.898020000000000000e+05 -6.793950000000000000e+05 -1.825910000000000000e+05 -1.917093000000000000e+06 -7.378210000000000000e+05 -2.760002000000000000e+06 1.295332000000000000e+06 3.301210000000000000e+05 -2.135409000000000000e+06 -6.132470000000000000e+05 8.033261000000000000e+06
