6.645455000000000000e+06 -1.155592000000000000e+06 1.646628000000000000e+06 -5.045680000000000000e+05 -1.065532000000000000e+06 3.453100000000000000e+04 1.362690000000000000e+06 3.068860000000000000e+05 -2.485542000000000000e+06 2.963635000000000000e+06 -7.592900000000000000e+04 1.187627000000000000e+06 -9.874790000000000000e+05 -5.072143000000000000e+06 -1.836300000000000000e+06 1.569018000000000000e+06 -3.200061000000000000e+06 1.249232000000000000e+06 -7.649170000000000000e+05 6.076300000000000000e+05
-1.155592000000000000e+06 4.352599000000000000e+06 1.189829000000000000e+06 -2.422875000000000000e+06 5.020110000000000000e+05 7.639660000000000000e+05 -2.010397000000000000e+06 4.382090000000000000e+05 1.296359000000000000e+06 -3.609270000000000000e+05 1.072075000000000000e+06 9.626740000000000000e+05 -1.083490000000000000e+05 -1.891190000000000000e+05 1.768163000000000000e+06 7.547360000000000000e+05 1.706916000000000000e+06 1.611950000000000000e+05 2.030201000000000000e+06 1.924622000000000000e+06
1.646628000000000000e+06 1.189829000000000000e+06 6.054273000000000000e+06 -5.387330000000000000e+05 -1.351560000000000000e+05 -8.334140000000000000e+05 1.131490000000000000e+06 -3.601020000000000000e+05 -1.204000000000000000e+05 5.459300000000000000e+04 -6.117220000000000000e+05 3.591630000000000000e+05 -6.858860000000000000e+05 -2.834380000000000000e+05 1.495727000000000000e+06 -1.619083000000000000e+06 1.297739000000000000e+06 -4.549260000000000000e+05 1.614883000000000000e+06 1.562660000000000000e+06
-5.045680000000000000e+05 -2.422875000000000000e+06 -5.387330000000000000e+05 6.023990000000000000e+06 9.277280000000000000e+05 -6.709650000000000000e+05 5.846010000000000000e+05 1.789623000000000000e+06 -4.638440000000000000e+05 -1.335443000000000000e+06 -1.987630000000000000e+05 3.596240000000000000e+05 5.436220000000000000e+05 5.627950000000000000e+05 -6.847400000000000000e+05 4.002540000000000000e+05 -6.896990000000000000e+05 -7.066610000000000000e+05 -3.658318000000000000e+06 2.430720000000000000e+05
-1.065532000000000000e+06 5.020110000000000000e+05 -1.351560000000000000e+05 9.277280000000000000e+05 4.800197000000000000e+06 -2.333161000000000000e+06 -8.414380000000000000e+05 3.110500000000000000e+04 1.370058000000000000e+06 7.220260000000000000e+05 1.872724000000000000e+06 -2.522744000000000000e+06 -1.538260000000000000e+06 6.426980000000000000e+05 -1.426740000000000000e+06 -1.348264000000000000e+06 -8.185560000000000000e+05 -1.081352000000000000e+06 1.064164000000000000e+06 -5.966660000000000000e+05
3.453100000000000000e+04 7.639660000000000000e+05 -8.334140000000000000e+05 -6.709650000000000000e+05 -2.333161000000000000e+06 7.012287000000000000e+06 -1.582489000000000000e+06 3.360400000000000000e+04 -2.752193000000000000e+06 -2.184355000000000000e+06 -5.922980000000000000e+05 2.406306000000000000e+06 6.317600000000000000e+04 -1.232644000000000000e+06 2.028326000000000000e+06 1.391245000000000000e+06 -1.740871000000000000e+06 -2.100130000000000000e+06 -2.767611000000000000e+06 -1.291516000000000000e+06
1.362690000000000000e+06 -2.010397000000000000e+06 1.131490000000000000e+06 5.846010000000000000e+05 -8.414380000000000000e+05 -1.582489000000000000e+06 6.364244000000000000e+06 -2.295601000000000000e+06 7.086110000000000000e+05 -3.763810000000000000e+05 -3.268729000000000000e+06 1.560757000000000000e+06 -1.287355000000000000e+06 1.227663000000000000e+06 -2.003008000000000000e+06 -5.765340000000000000e+05 -1.199572000000000000e+06 1.523800000000000000e+06 3.902090000000000000e+05 -1.859142000000000000e+06
3.068860000000000000e+05 4.382090000000000000e+05 -3.601020000000000000e+05 1.789623000000000000e+06 3.110500000000000000e+04 3.360400000000000000e+04 -2.295601000000000000e+06 7.957504000000000000e+06 6.213010000000000000e+05 -9.687000000000000000e+04 4.572394000000000000e+06 -2.089825000000000000e+06 4.115070000000000000e+05 -6.965100000000000000e+05 -9.342950000000000000e+05 2.611880000000000000e+05 -8.993520000000000000e+05 6.187400000000000000e+04 -2.129725000000000000e+06 9.514970000000000000e+05
-2.485542000000000000e+06 1.296359000000000000e+06 -1.204000000000000000e+05 -4.638440000000000000e+05 1.370058000000000000e+06 -2.752193000000000000e+06 7.086110000000000000e+05 6.213010000000000000e+05 6.762362000000000000e+06 -2.339640000000000000e+05 4.009110000000000000e+05 -1.080334000000000000e+06 2.110930000000000000e+05 2.973015000000000000e+06 6.430210000000000000e+05 5.816010000000000000e+05 2.695166000000000000e+06 7.405700000000000000e+05 3.038519000000000000e+06 9.979500000000000000e+05
2.963635000000000000e+06 -3.609270000000000000e+05 5.459300000000000000e+04 -1.335443000000000000e+06 7.220260000000000000e+05 -2.184355000000000000e+06 -3.763810000000000000e+05 -9.687000000000000000e+04 -2.339640000000000000e+05 7.147319000000000000e+06 2.788122000000000000e+06 -2.454046000000000000e+06 -7.046260000000000000e+05 -3.215571000000000000e+06 -8.430490000000000000e+05 3.588100000000000000e+04 -2.098688000000000000e+06 1.306740000000000000e+05 8.565700000000000000e+04 2.986811000000000000e+06
-7.592900000000000000e+04 1.072075000000000000e+06 -6.117220000000000000e+05 -1.987630000000000000e+05 1.872724000000000000e+06 -5.922980000000000000e+05 -3.268729000000000000e+06 4.572394000000000000e+06 4.009110000000000000e+05 2.788122000000000000e+06 7.338342000000000000e+06 -2.974498000000000000e+06 9.661580000000000000e+05 -2.473976000000000000e+06 -1.201260000000000000e+05 -1.280741000000000000e+06 -7.610050000000000000e+05 -2.872430000000000000e+05 6.294500000000000000e+05 3.212920000000000000e+05
1.187627000000000000e+06 9.626740000000000000e+05 3.591630000000000000e+05 3.596240000000000000e+05 -2.522744000000000000e+06 2.406306000000000000e+06 1.560757000000000000e+06 -2.089825000000000000e+06 -1.080334000000000000e+06 -2.454046000000000000e+06 -2.974498000000000000e+06 8.719134000000000000e+06 1.742478000000000000e+06 -1.036340000000000000e+05 1.643594000000000000e+06 2.000365000000000000e+06 7.878280000000000000e+05 -5.402210000000000000e+05 -1.114833000000000000e+06 1.718666000000000000e+06
-9.874790000000000000e+05 -1.083490000000000000e+05 -6.858860000000000000e+05 5.436220000000000000e+05 -1.538260000000000000e+06 6.317600000000000000e+04 -1.287355000000000000e+06 4.115070000000000000e+05 2.110930000000000000e+05 -7.046260000000000000e+05 9.661580000000000000e+05 1.742478000000000000e+06 7.624311000000000000e+06 3.786380000000000000e+05 1.074251000000000000e+06 -7.777660000000000000e+05 2.305932000000000000e+06 -2.678476000000000000e+06 -1.599811000000000000e+06 -1.670710000000000000e+05
-5.072143000000000000e+06 -1.891190000000000000e+05 -2.834380000000000000e+05 5.627950000000000000e+05 6.426980000000000000e+05 -1.232644000000000000e+06 1.227663000000000000e+06 -6.965100000000000000e+05 2.973015000000000000e+06 -3.215571000000000000e+06 -2.473976000000000000e+06 -1.036340000000000000e+05 3.786380000000000000e+05 8.881609000000000000e+06 1.241960000000000000e+05 -2.306308000000000000e+06 2.013148000000000000e+06 -2.505708000000000000e+06 1.430268000000000000e+06 -8.142570000000000000e+05
-1.836300000000000000e+06 1.768163000000000000e+06 1.495727000000000000e+06 -6.847400000000000000e+05 -1.426740000000000000e+06 2.028326000000000000e+06 -2.003008000000000000e+06 -9.342950000000000000e+05 6.430210000000000000e+05 -8.430490000000000000e+05 -1.201260000000000000e+05 1.643594000000000000e+06 1.074251000000000000e+06 1.241960000000000000e+05 4.531133000000000000e+06 -3.480500000000000000e+04 2.181462000000000000e+06 -9.550120000000000000e+05 6.717380000000000000e+05 2.419796000000000000e+06
1.569018000000000000e+06 7.547360000000000000e+05 -1.619083000000000000e+06 4.002540000000000000e+05 -1.348264000000000000e+06 1.391245000000000000e+06 -5.765340000000000000e+05 2.611880000000000000e+05 5.816010000000000000e+05 3.588100000000000000e+04 -1.280741000000000000e+06 2.000365000000000000e+06 -7.777660000000000000e+05 -2.306308000000000000e+06 -3.480500000000000000e+04 5.865553000000000000e+06 1.051693000000000000e+06 2.543073000000000000e+06 -9.084360000000000000e+05 1.941801000000000000e+06
-3.200061000000000000e+06 1.706916000000000000e+06 1.297739000000000000e+06 -6.896990000000000000e+05 -8.185560000000000000e+05 -1.740871000000000000e+06 -1.199572000000000000e+06 -8.993520000000000000e+05 2.695166000000000000e+06 -2.098688000000000000e+06 -7.610050000000000000e+05 7.878280000000000000e+05 2.305932000000000000e+06 2.013148000000000000e+06 2.181462000000000000e+06 1.051693000000000000e+06 8.440658000000000000e+06 2.333652000000000000e+06 3.106882000000000000e+06 5.441940000000000000e+05
1.249232000000000000e+06 1.611950000000000000e+05 -4.549260000000000000e+05 -7.066610000000000000e+05 -1.081352000000000000e+06 -2.100130000000000000e+06 1.523800000000000000e+06 6.187400000000000000e+04 7.405700000000000000e+05 1.306740000000000000e+05 -2.872430000000000000e+05 -5.402210000000000000e+05 -2.678476000000000000e+06 -2.505708000000000000e+06 -9.550120000000000000e+05 2.543073000000000000e+06 2.333652000000000000e+06 6.870471000000000000e+06 2.663942000000000000e+06 -3.547670000000000000e+05
-7.649170000000000000e+05 2.030201000000000000e+06 1.614883000000000000e+06 -3.658318000000000000e+06 1.064164000000000000e+06 -2.767611000000000000e+06 3.902090000000000000e+05 -2.129725000000000000e+06 3.038519000000000000e+06 8.565700000000000000e+04 6.294500000000000000e+05 -1.114833000000000000e+06 -1.599811000000000000e+06 1.430268000000000000e+06 6.717380000000000000e+05 -9.084360000000000000e+05 3.106882000000000000e+06 2.663942000000000000e+06 7.451094000000000000e+06 -1.258067000000000000e+06
6.076300000000000000e+05 1.924622000000000000e+06 1.562660000000000000e+06 2.430720000000000000e+05 -5.966660000000000000e+05 -1.291516000000000000e+06 -1.859142000000000000e+06 9.514970000000000000e+05 9.979500000000000000e+05 2.986811000000000000e+06 3.212920000000000000e+05 1.718666000000000000e+06 -1.670710000000000000e+05 -8.142570000000000000e+05 2.419796000000000000e+06 1.941801000000000000e+06 5.441940000000000000e+05 -3.547670000000000000e+05 -1.258067000000000000e+06 7.617767000000000000e+06
