6.760547000000000000e+06 6.271580000000000000e+05 3.411570000000000000e+05 -1.473303000000000000e+06 5.486870000000000000e+05 -4.854050000000000000e+05 -4.949720000000000000e+05 -9.886140000000000000e+05 -1.121827000000000000e+06 -3.010600000000000000e+05 -3.680590000000000000e+05 -1.443720000000000000e+05 2.263334000000000000e+06 3.330300000000000000e+05 -1.703276000000000000e+06 -3.772680000000000000e+05 5.617050000000000000e+05 -1.953273000000000000e+06 -2.957200000000000000e+04 -6.127310000000000000e+05
6.271580000000000000e+05 6.932955000000000000e+06 -2.990560000000000000e+05 -1.517171000000000000e+06 5.675640000000000000e+05 -1.524281000000000000e+06 3.130830000000000000e+05 -8.324960000000000000e+05 -2.428645000000000000e+06 -3.696755000000000000e+06 1.264200000000000000e+05 -6.708580000000000000e+05 -2.183950000000000000e+05 2.633800000000000000e+05 2.450847000000000000e+06 -2.612760000000000000e+06 -3.192400000000000000e+05 -1.334185000000000000e+06 -1.114773000000000000e+06 1.863497000000000000e+06
3.411570000000000000e+05 -2.990560000000000000e+05 6.545149000000000000e+06 -1.030559000000000000e+06 -7.052330000000000000e+05 -3.655940000000000000e+05 -1.089757000000000000e+06 2.298084000000000000e+06 -1.342258000000000000e+06 9.656690000000000000e+05 -4.588740000000000000e+05 -1.049820000000000000e+05 1.699522000000000000e+06 -1.676333000000000000e+06 9.353400000000000000e+05 4.741880000000000000e+05 4.500810000000000000e+05 -2.514087000000000000e+06 1.767873000000000000e+06 7.016060000000000000e+05
-1.473303000000000000e+06 -1.517171000000000000e+06 -1.030559000000000000e+06 4.512652000000000000e+06 5.143840000000000000e+05 -3.091530000000000000e+05 -2.448708000000000000e+06 1.592844000000000000e+06 1.920974000000000000e+06 9.848530000000000000e+05 -8.616290000000000000e+05 1.296843000000000000e+06 -5.149460000000000000e+05 -3.697020000000000000e+05 -3.962710000000000000e+05 2.241730000000000000e+05 -8.868080000000000000e+05 2.819864000000000000e+06 9.666860000000000000e+05 1.503031000000000000e+06
5.486870000000000000e+05 5.675640000000000000e+05 -7.052330000000000000e+05 5.143840000000000000e+05 5.849330000000000000e+06 -6.037730000000000000e+05 9.923660000000000000e+05 -6.641200000000000000e+04 -2.697780000000000000e+05 1.260898000000000000e+06 -1.027151000000000000e+06 -1.264168000000000000e+06 -1.026452000000000000e+06 2.737077000000000000e+06 -6.349260000000000000e+05 5.546250000000000000e+05 1.224003000000000000e+06 -2.920000000000000000e+02 1.841200000000000000e+05 -6.887330000000000000e+05
-4.854050000000000000e+05 -1.524281000000000000e+06 -3.655940000000000000e+05 -3.091530000000000000e+05 -6.037730000000000000e+05 6.780246000000000000e+06 8.229550000000000000e+05 1.421344000000000000e+06 1.168667000000000000e+06 2.487334000000000000e+06 2.452020000000000000e+05 1.341242000000000000e+06 3.980100000000000000e+05 2.207146000000000000e+06 -2.000150000000000000e+06 2.210710000000000000e+05 -1.001859000000000000e+06 3.967250000000000000e+05 1.642468000000000000e+06 -2.047650000000000000e+06
-4.949720000000000000e+05 3.130830000000000000e+05 -1.089757000000000000e+06 -2.448708000000000000e+06 9.923660000000000000e+05 8.229550000000000000e+05 6.075821000000000000e+06 -2.024498000000000000e+06 2.637270000000000000e+05 1.993542000000000000e+06 9.384800000000000000e+05 -3.811610000000000000e+06 5.447830000000000000e+05 1.409813000000000000e+06 -1.358230000000000000e+05 1.126552000000000000e+06 1.142814000000000000e+06 1.110120000000000000e+05 -1.983847000000000000e+06 -2.085092000000000000e+06
-9.886140000000000000e+05 -8.324960000000000000e+05 2.298084000000000000e+06 1.592844000000000000e+06 -6.641200000000000000e+04 1.421344000000000000e+06 -2.024498000000000000e+06 5.378332000000000000e+06 -2.745700000000000000e+04 2.222332000000000000e+06 3.949920000000000000e+05 1.091229000000000000e+06 -2.989740000000000000e+05 -1.620607000000000000e+06 8.107380000000000000e+05 -3.850130000000000000e+05 7.858450000000000000e+05 1.470320000000000000e+05 1.623323000000000000e+06 1.688929000000000000e+06
-1.121827000000000000e+06 -2.428645000000000000e+06 -1.342258000000000000e+06 1.920974000000000000e+06 -2.697780000000000000e+05 1.168667000000000000e+06 2.637270000000000000e+05 -2.745700000000000000e+04 1.007945000000000000e+07 2.058530000000000000e+06 9.527640000000000000e+05 7.711260000000000000e+05 -2.813542000000000000e+06 1.047378000000000000e+06 -1.968848000000000000e+06 -7.692770000000000000e+05 7.714670000000000000e+05 1.328740000000000000e+06 -1.638073000000000000e+06 -1.700024000000000000e+06
-3.010600000000000000e+05 -3.696755000000000000e+06 9.656690000000000000e+05 9.848530000000000000e+05 1.260898000000000000e+06 2.487334000000000000e+06 1.993542000000000000e+06 2.222332000000000000e+06 2.058530000000000000e+06 7.611294000000000000e+06 1.459896000000000000e+06 -1.497285000000000000e+06 1.481210000000000000e+05 4.004620000000000000e+05 -2.636133000000000000e+06 1.776245000000000000e+06 4.433400000000000000e+05 7.928350000000000000e+05 8.394400000000000000e+05 -8.537950000000000000e+05
-3.680590000000000000e+05 1.264200000000000000e+05 -4.588740000000000000e+05 -8.616290000000000000e+05 -1.027151000000000000e+06 2.452020000000000000e+05 9.384800000000000000e+05 3.949920000000000000e+05 9.527640000000000000e+05 1.459896000000000000e+06 5.432497000000000000e+06 -5.833160000000000000e+05 -1.403000000000000000e+06 -1.346168000000000000e+06 -3.062460000000000000e+05 -1.939050000000000000e+06 -2.138880000000000000e+05 -3.849160000000000000e+05 -4.461500000000000000e+04 -1.321012000000000000e+06
-1.443720000000000000e+05 -6.708580000000000000e+05 -1.049820000000000000e+05 1.296843000000000000e+06 -1.264168000000000000e+06 1.341242000000000000e+06 -3.811610000000000000e+06 1.091229000000000000e+06 7.711260000000000000e+05 -1.497285000000000000e+06 -5.833160000000000000e+05 4.725489000000000000e+06 -2.047974000000000000e+06 -4.032220000000000000e+05 -6.156860000000000000e+05 5.424600000000000000e+05 -9.479350000000000000e+05 3.591620000000000000e+05 1.988363000000000000e+06 4.880340000000000000e+05
2.263334000000000000e+06 -2.183950000000000000e+05 1.699522000000000000e+06 -5.149460000000000000e+05 -1.026452000000000000e+06 3.980100000000000000e+05 5.447830000000000000e+05 -2.989740000000000000e+05 -2.813542000000000000e+06 1.481210000000000000e+05 -1.403000000000000000e+06 -2.047974000000000000e+06 6.732576000000000000e+06 8.177500000000000000e+05 7.236090000000000000e+05 -1.491339000000000000e+06 -9.313600000000000000e+05 -4.833530000000000000e+05 3.366160000000000000e+05 2.703040000000000000e+05
3.330300000000000000e+05 2.633800000000000000e+05 -1.676333000000000000e+06 -3.697020000000000000e+05 2.737077000000000000e+06 2.207146000000000000e+06 1.409813000000000000e+06 -1.620607000000000000e+06 1.047378000000000000e+06 4.004620000000000000e+05 -1.346168000000000000e+06 -4.032220000000000000e+05 8.177500000000000000e+05 5.438629000000000000e+06 3.007390000000000000e+05 -1.245132000000000000e+06 -2.959370000000000000e+05 -1.292942000000000000e+06 -2.584430000000000000e+05 -1.843214000000000000e+06
-1.703276000000000000e+06 2.450847000000000000e+06 9.353400000000000000e+05 -3.962710000000000000e+05 -6.349260000000000000e+05 -2.000150000000000000e+06 -1.358230000000000000e+05 8.107380000000000000e+05 -1.968848000000000000e+06 -2.636133000000000000e+06 -3.062460000000000000e+05 -6.156860000000000000e+05 7.236090000000000000e+05 3.007390000000000000e+05 8.014340000000000000e+06 -4.114460000000000000e+05 3.876630000000000000e+05 -3.098575000000000000e+06 -2.379700000000000000e+06 2.895000000000000000e+05
-3.772680000000000000e+05 -2.612760000000000000e+06 4.741880000000000000e+05 2.241730000000000000e+05 5.546250000000000000e+05 2.210710000000000000e+05 1.126552000000000000e+06 -3.850130000000000000e+05 -7.692770000000000000e+05 1.776245000000000000e+06 -1.939050000000000000e+06 5.424600000000000000e+05 -1.491339000000000000e+06 -1.245132000000000000e+06 -4.114460000000000000e+05 7.130454000000000000e+06 9.106850000000000000e+05 1.487654000000000000e+06 1.126256000000000000e+06 -2.175851000000000000e+06
5.617050000000000000e+05 -3.192400000000000000e+05 4.500810000000000000e+05 -8.868080000000000000e+05 1.224003000000000000e+06 -1.001859000000000000e+06 1.142814000000000000e+06 7.858450000000000000e+05 7.714670000000000000e+05 4.433400000000000000e+05 -2.138880000000000000e+05 -9.479350000000000000e+05 -9.313600000000000000e+05 -2.959370000000000000e+05 3.876630000000000000e+05 9.106850000000000000e+05 2.874943000000000000e+06 -1.066950000000000000e+05 -7.215200000000000000e+05 -1.299192000000000000e+06
-1.953273000000000000e+06 -1.334185000000000000e+06 -2.514087000000000000e+06 2.819864000000000000e+06 -2.920000000000000000e+02 3.967250000000000000e+05 1.110120000000000000e+05 1.470320000000000000e+05 1.328740000000000000e+06 7.928350000000000000e+05 -3.849160000000000000e+05 3.591620000000000000e+05 -4.833530000000000000e+05 -1.292942000000000000e+06 -3.098575000000000000e+06 1.487654000000000000e+06 -1.066950000000000000e+05 5.927209000000000000e+06 1.540166000000000000e+06 -1.927160000000000000e+05
-2.957200000000000000e+04 -1.114773000000000000e+06 1.767873000000000000e+06 9.666860000000000000e+05 1.841200000000000000e+05 1.642468000000000000e+06 -1.983847000000000000e+06 1.623323000000000000e+06 -1.638073000000000000e+06 8.394400000000000000e+05 -4.461500000000000000e+04 1.988363000000000000e+06 3.366160000000000000e+05 -2.584430000000000000e+05 -2.379700000000000000e+06 1.126256000000000000e+06 -7.215200000000000000e+05 1.540166000000000000e+06 4.719506000000000000e+06 -3.250120000000000000e+05
-6.127310000000000000e+05 1.863497000000000000e+06 7.016060000000000000e+05 1.503031000000000000e+06 -6.887330000000000000e+05 -2.047650000000000000e+06 -2.085092000000000000e+06 1.688929000000000000e+06 -1.700024000000000000e+06 -8.537950000000000000e+05 -1.321012000000000000e+06 4.880340000000000000e+05 2.703040000000000000e+05 -1.843214000000000000e+06 2.895000000000000000e+05 -2.175851000000000000e+06 -1.299192000000000000e+06 -1.927160000000000000e+05 -3.250120000000000000e+05 6.310472000000000000e+06
