7.049291000000000000e+06 1.027862000000000000e+06 7.893660000000000000e+05 -9.166890000000000000e+05 3.092390000000000000e+05 -1.442529000000000000e+06 2.761632000000000000e+06 1.058700000000000000e+04 -9.655390000000000000e+05 2.655126000000000000e+06 1.747029000000000000e+06 8.733070000000000000e+05 -9.177300000000000000e+05 -1.051030000000000000e+06 -1.451837000000000000e+06 4.924300000000000000e+05 -3.052000000000000000e+03 2.600871000000000000e+06 -6.486900000000000000e+04 -3.560150000000000000e+05
1.027862000000000000e+06 6.435571000000000000e+06 -1.329387000000000000e+06 1.805500000000000000e+06 -2.882700000000000000e+04 -1.306038000000000000e+06 2.315063000000000000e+06 -4.758140000000000000e+05 2.705975000000000000e+06 3.791911000000000000e+06 2.231060000000000000e+05 -1.815952000000000000e+06 7.799000000000000000e+04 2.125361000000000000e+06 -1.330720000000000000e+05 -4.557700000000000000e+04 -1.531077000000000000e+06 1.541474000000000000e+06 1.650966000000000000e+06 -2.078850000000000000e+06
7.893660000000000000e+05 -1.329387000000000000e+06 8.048122000000000000e+06 -3.489550000000000000e+05 -1.081300000000000000e+05 1.967382000000000000e+06 4.127180000000000000e+05 1.502202000000000000e+06 -8.159180000000000000e+05 -5.324040000000000000e+05 -5.845280000000000000e+05 -2.552596000000000000e+06 1.593928000000000000e+06 -7.438170000000000000e+05 5.451000000000000000e+03 2.668759000000000000e+06 1.214956000000000000e+06 5.455680000000000000e+05 2.921915000000000000e+06 1.567848000000000000e+06
-9.166890000000000000e+05 1.805500000000000000e+06 -3.489550000000000000e+05 7.827755000000000000e+06 1.070767000000000000e+06 1.793138000000000000e+06 1.553687000000000000e+06 -6.886390000000000000e+05 3.768500000000000000e+04 -1.089119000000000000e+06 1.187290000000000000e+05 8.343510000000000000e+05 8.524540000000000000e+05 7.321100000000000000e+04 2.054040000000000000e+06 -4.923410000000000000e+05 5.085670000000000000e+05 -1.008333000000000000e+06 1.781493000000000000e+06 -2.173856000000000000e+06
3.092390000000000000e+05 -2.882700000000000000e+04 -1.081300000000000000e+05 1.070767000000000000e+06 8.819037000000000000e+06 -1.521524000000000000e+06 8.706820000000000000e+05 1.490544000000000000e+06 1.773049000000000000e+06 -1.733071000000000000e+06 -1.397592000000000000e+06 -4.867340000000000000e+05 1.058031000000000000e+06 9.535860000000000000e+05 -1.388788000000000000e+06 2.149340000000000000e+06 -9.396700000000000000e+04 -2.700855000000000000e+06 -6.140040000000000000e+05 -2.749596000000000000e+06
-1.442529000000000000e+06 -1.306038000000000000e+06 1.967382000000000000e+06 1.793138000000000000e+06 -1.521524000000000000e+06 7.176162000000000000e+06 -1.695317000000000000e+06 2.574286000000000000e+06 3.564080000000000000e+05 -3.133182000000000000e+06 4.732560000000000000e+05 4.405170000000000000e+05 9.753240000000000000e+05 -2.878110000000000000e+05 1.846676000000000000e+06 -6.817500000000000000e+05 -1.327471000000000000e+06 2.658150000000000000e+05 2.912880000000000000e+05 -2.319995000000000000e+06
2.761632000000000000e+06 2.315063000000000000e+06 4.127180000000000000e+05 1.553687000000000000e+06 8.706820000000000000e+05 -1.695317000000000000e+06 6.282955000000000000e+06 -9.507180000000000000e+05 3.211820000000000000e+05 2.632444000000000000e+06 6.769820000000000000e+05 -3.266710000000000000e+05 2.639369000000000000e+06 -1.485098000000000000e+06 -1.307186000000000000e+06 -1.089102000000000000e+06 -5.072330000000000000e+05 1.817938000000000000e+06 1.020185000000000000e+06 -4.676110000000000000e+05
1.058700000000000000e+04 -4.758140000000000000e+05 1.502202000000000000e+06 -6.886390000000000000e+05 1.490544000000000000e+06 2.574286000000000000e+06 -9.507180000000000000e+05 7.264791000000000000e+06 1.325488000000000000e+06 2.035180000000000000e+05 4.553290000000000000e+05 -2.594114000000000000e+06 1.174427000000000000e+06 1.376759000000000000e+06 9.187950000000000000e+05 -2.201995000000000000e+06 -1.318679000000000000e+06 -4.992500000000000000e+04 -1.431537000000000000e+06 -6.046070000000000000e+05
-9.655390000000000000e+05 2.705975000000000000e+06 -8.159180000000000000e+05 3.768500000000000000e+04 1.773049000000000000e+06 3.564080000000000000e+05 3.211820000000000000e+05 1.325488000000000000e+06 7.705452000000000000e+06 8.192670000000000000e+05 2.358616000000000000e+06 -9.027860000000000000e+05 3.670245000000000000e+06 3.763420000000000000e+05 1.732557000000000000e+06 5.481590000000000000e+05 -1.560765000000000000e+06 9.477320000000000000e+05 5.606650000000000000e+05 -4.230151000000000000e+06
2.655126000000000000e+06 3.791911000000000000e+06 -5.324040000000000000e+05 -1.089119000000000000e+06 -1.733071000000000000e+06 -3.133182000000000000e+06 2.632444000000000000e+06 2.035180000000000000e+05 8.192670000000000000e+05 6.526647000000000000e+06 6.208990000000000000e+05 -1.453223000000000000e+06 -2.165810000000000000e+05 -1.036415000000000000e+06 -1.040963000000000000e+06 -1.744871000000000000e+06 -1.733660000000000000e+06 3.388535000000000000e+06 9.569330000000000000e+05 4.758890000000000000e+05
1.747029000000000000e+06 2.231060000000000000e+05 -5.845280000000000000e+05 1.187290000000000000e+05 -1.397592000000000000e+06 4.732560000000000000e+05 6.769820000000000000e+05 4.553290000000000000e+05 2.358616000000000000e+06 6.208990000000000000e+05 5.722111000000000000e+06 5.557030000000000000e+05 1.071623000000000000e+06 1.913090000000000000e+05 1.905546000000000000e+06 -5.465500000000000000e+05 -1.602890000000000000e+05 -5.109900000000000000e+04 1.272598000000000000e+06 -2.078987000000000000e+06
8.733070000000000000e+05 -1.815952000000000000e+06 -2.552596000000000000e+06 8.343510000000000000e+05 -4.867340000000000000e+05 4.405170000000000000e+05 -3.266710000000000000e+05 -2.594114000000000000e+06 -9.027860000000000000e+05 -1.453223000000000000e+06 5.557030000000000000e+05 6.412040000000000000e+06 -5.083770000000000000e+05 -1.358281000000000000e+06 9.755420000000000000e+05 8.425100000000000000e+04 -6.833790000000000000e+05 1.381810000000000000e+06 -7.557240000000000000e+05 -1.126489000000000000e+06
-9.177300000000000000e+05 7.799000000000000000e+04 1.593928000000000000e+06 8.524540000000000000e+05 1.058031000000000000e+06 9.753240000000000000e+05 2.639369000000000000e+06 1.174427000000000000e+06 3.670245000000000000e+06 -2.165810000000000000e+05 1.071623000000000000e+06 -5.083770000000000000e+05 9.189538000000000000e+06 -2.327466000000000000e+06 2.437932000000000000e+06 -2.352282000000000000e+06 -2.731550000000000000e+05 1.239692000000000000e+06 -2.681860000000000000e+06 -1.297633000000000000e+06
-1.051030000000000000e+06 2.125361000000000000e+06 -7.438170000000000000e+05 7.321100000000000000e+04 9.535860000000000000e+05 -2.878110000000000000e+05 -1.485098000000000000e+06 1.376759000000000000e+06 3.763420000000000000e+05 -1.036415000000000000e+06 1.913090000000000000e+05 -1.358281000000000000e+06 -2.327466000000000000e+06 6.706478000000000000e+06 4.631390000000000000e+05 7.311020000000000000e+05 8.524060000000000000e+05 -2.879656000000000000e+06 1.367932000000000000e+06 -1.194800000000000000e+06
-1.451837000000000000e+06 -1.330720000000000000e+05 5.451000000000000000e+03 2.054040000000000000e+06 -1.388788000000000000e+06 1.846676000000000000e+06 -1.307186000000000000e+06 9.187950000000000000e+05 1.732557000000000000e+06 -1.040963000000000000e+06 1.905546000000000000e+06 9.755420000000000000e+05 2.437932000000000000e+06 4.631390000000000000e+05 6.173631000000000000e+06 -9.450950000000000000e+05 1.225100000000000000e+05 4.410820000000000000e+05 -3.362880000000000000e+05 -1.526701000000000000e+06
4.924300000000000000e+05 -4.557700000000000000e+04 2.668759000000000000e+06 -4.923410000000000000e+05 2.149340000000000000e+06 -6.817500000000000000e+05 -1.089102000000000000e+06 -2.201995000000000000e+06 5.481590000000000000e+05 -1.744871000000000000e+06 -5.465500000000000000e+05 8.425100000000000000e+04 -2.352282000000000000e+06 7.311020000000000000e+05 -9.450950000000000000e+05 5.660937000000000000e+06 8.875980000000000000e+05 -1.199801000000000000e+06 2.701204000000000000e+06 -4.053570000000000000e+05
-3.052000000000000000e+03 -1.531077000000000000e+06 1.214956000000000000e+06 5.085670000000000000e+05 -9.396700000000000000e+04 -1.327471000000000000e+06 -5.072330000000000000e+05 -1.318679000000000000e+06 -1.560765000000000000e+06 -1.733660000000000000e+06 -1.602890000000000000e+05 -6.833790000000000000e+05 -2.731550000000000000e+05 8.524060000000000000e+05 1.225100000000000000e+05 8.875980000000000000e+05 4.592346000000000000e+06 -2.595563000000000000e+06 2.736560000000000000e+05 1.793227000000000000e+06
2.600871000000000000e+06 1.541474000000000000e+06 5.455680000000000000e+05 -1.008333000000000000e+06 -2.700855000000000000e+06 2.658150000000000000e+05 1.817938000000000000e+06 -4.992500000000000000e+04 9.477320000000000000e+05 3.388535000000000000e+06 -5.109900000000000000e+04 1.381810000000000000e+06 1.239692000000000000e+06 -2.879656000000000000e+06 4.410820000000000000e+05 -1.199801000000000000e+06 -2.595563000000000000e+06 5.933330000000000000e+06 3.213300000000000000e+04 -1.442920000000000000e+05
-6.486900000000000000e+04 1.650966000000000000e+06 2.921915000000000000e+06 1.781493000000000000e+06 -6.140040000000000000e+05 2.912880000000000000e+05 1.020185000000000000e+06 -1.431537000000000000e+06 5.606650000000000000e+05 9.569330000000000000e+05 1.272598000000000000e+06 -7.557240000000000000e+05 -2.681860000000000000e+06 1.367932000000000000e+06 -3.362880000000000000e+05 2.701204000000000000e+06 2.736560000000000000e+05 3.213300000000000000e+04 7.903399000000000000e+06 -1.190975000000000000e+06
-3.560150000000000000e+05 -2.078850000000000000e+06 1.567848000000000000e+06 -2.173856000000000000e+06 -2.749596000000000000e+06 -2.319995000000000000e+06 -4.676110000000000000e+05 -6.046070000000000000e+05 -4.230151000000000000e+06 4.758890000000000000e+05 -2.078987000000000000e+06 -1.126489000000000000e+06 -1.297633000000000000e+06 -1.194800000000000000e+06 -1.526701000000000000e+06 -4.053570000000000000e+05 1.793227000000000000e+06 -1.442920000000000000e+05 -1.190975000000000000e+06 5.902753000000000000e+06
