8.818575000000000000e+06 -8.151640000000000000e+05 -5.498190000000000000e+05 -1.309660000000000000e+06 1.550408000000000000e+06 -6.494820000000000000e+05 1.293418000000000000e+06 -1.898940000000000000e+05 1.472031000000000000e+06 4.244783000000000000e+06 -4.141464000000000000e+06 -2.360458000000000000e+06 8.952160000000000000e+05 1.103415000000000000e+06 -1.403484000000000000e+06 -2.136500000000000000e+04 -7.805940000000000000e+05 1.138374000000000000e+06 8.615930000000000000e+05 3.182390000000000000e+05
-8.151640000000000000e+05 7.173133000000000000e+06 -8.419220000000000000e+05 -4.392620000000000000e+05 -2.457504000000000000e+06 -2.462523000000000000e+06 -1.504714000000000000e+06 -1.851190000000000000e+05 2.084235000000000000e+06 -1.405894000000000000e+06 -2.218760000000000000e+06 -2.016230000000000000e+05 8.315400000000000000e+04 1.841609000000000000e+06 3.123777000000000000e+06 -2.202380000000000000e+05 -2.793900000000000000e+06 2.292800000000000000e+05 -1.545713000000000000e+06 2.457800000000000000e+05
-5.498190000000000000e+05 -8.419220000000000000e+05 6.940673000000000000e+06 -4.570670000000000000e+05 1.125017000000000000e+06 -1.188320000000000000e+06 1.481042000000000000e+06 4.050220000000000000e+05 2.773900000000000000e+05 6.174700000000000000e+04 2.576117000000000000e+06 1.467611000000000000e+06 7.506790000000000000e+05 6.138600000000000000e+05 -6.498570000000000000e+05 -4.163920000000000000e+05 1.558024000000000000e+06 -9.164130000000000000e+05 1.098475000000000000e+06 4.186450000000000000e+05
-1.309660000000000000e+06 -4.392620000000000000e+05 -4.570670000000000000e+05 5.226802000000000000e+06 1.108003000000000000e+06 -9.620580000000000000e+05 -1.623532000000000000e+06 1.591700000000000000e+06 5.335200000000000000e+04 -1.651263000000000000e+06 1.664476000000000000e+06 4.774810000000000000e+05 1.365132000000000000e+06 -4.821850000000000000e+05 -2.337575000000000000e+06 -1.782850000000000000e+05 -2.759830000000000000e+05 4.556000000000000000e+05 5.254350000000000000e+05 7.114480000000000000e+05
1.550408000000000000e+06 -2.457504000000000000e+06 1.125017000000000000e+06 1.108003000000000000e+06 6.250437000000000000e+06 -2.059028000000000000e+06 1.603289000000000000e+06 5.386220000000000000e+05 -1.286405000000000000e+06 4.339930000000000000e+05 -1.722740000000000000e+05 -2.148670000000000000e+05 -8.843900000000000000e+04 -1.431036000000000000e+06 -3.133305000000000000e+06 2.349750000000000000e+06 9.946280000000000000e+05 -7.826690000000000000e+05 3.253815000000000000e+06 -1.068025000000000000e+06
-6.494820000000000000e+05 -2.462523000000000000e+06 -1.188320000000000000e+06 -9.620580000000000000e+05 -2.059028000000000000e+06 7.015319000000000000e+06 7.188500000000000000e+05 2.789600000000000000e+04 1.391721000000000000e+06 7.626670000000000000e+05 1.728047000000000000e+06 4.638520000000000000e+05 1.728897000000000000e+06 -1.688978000000000000e+06 1.378512000000000000e+06 7.460810000000000000e+05 1.082587000000000000e+06 1.270553000000000000e+06 -1.402564000000000000e+06 5.367950000000000000e+05
1.293418000000000000e+06 -1.504714000000000000e+06 1.481042000000000000e+06 -1.623532000000000000e+06 1.603289000000000000e+06 7.188500000000000000e+05 6.479425000000000000e+06 -2.142810000000000000e+06 7.219790000000000000e+05 2.050310000000000000e+05 1.793385000000000000e+06 -6.525530000000000000e+05 1.511917000000000000e+06 -1.514808000000000000e+06 -1.852132000000000000e+06 1.649534000000000000e+06 -1.430939000000000000e+06 -2.289170000000000000e+06 8.096500000000000000e+04 1.342600000000000000e+04
-1.898940000000000000e+05 -1.851190000000000000e+05 4.050220000000000000e+05 1.591700000000000000e+06 5.386220000000000000e+05 2.789600000000000000e+04 -2.142810000000000000e+06 9.821131000000000000e+06 9.006870000000000000e+05 -2.897301000000000000e+06 -4.982100000000000000e+04 -3.242140000000000000e+05 -1.935914000000000000e+06 9.165600000000000000e+04 1.491620000000000000e+05 -2.927770000000000000e+05 -6.506980000000000000e+05 1.910200000000000000e+04 8.476650000000000000e+05 -1.256288000000000000e+06
1.472031000000000000e+06 2.084235000000000000e+06 2.773900000000000000e+05 5.335200000000000000e+04 -1.286405000000000000e+06 1.391721000000000000e+06 7.219790000000000000e+05 9.006870000000000000e+05 6.919091000000000000e+06 3.238485000000000000e+06 -2.153130000000000000e+05 5.173690000000000000e+05 2.368766000000000000e+06 -2.834540000000000000e+05 1.442371000000000000e+06 1.371818000000000000e+06 -2.643182000000000000e+06 7.320970000000000000e+05 -1.121621000000000000e+06 5.068250000000000000e+05
4.244783000000000000e+06 -1.405894000000000000e+06 6.174700000000000000e+04 -1.651263000000000000e+06 4.339930000000000000e+05 7.626670000000000000e+05 2.050310000000000000e+05 -2.897301000000000000e+06 3.238485000000000000e+06 8.856692000000000000e+06 -2.312980000000000000e+05 1.913184000000000000e+06 6.749940000000000000e+05 2.558335000000000000e+06 -1.285520000000000000e+05 8.279240000000000000e+05 1.600420000000000000e+05 9.340730000000000000e+05 8.927230000000000000e+05 9.500380000000000000e+05
-4.141464000000000000e+06 -2.218760000000000000e+06 2.576117000000000000e+06 1.664476000000000000e+06 -1.722740000000000000e+05 1.728047000000000000e+06 1.793385000000000000e+06 -4.982100000000000000e+04 -2.153130000000000000e+05 -2.312980000000000000e+05 6.921015000000000000e+06 3.266408000000000000e+06 1.928423000000000000e+06 4.497220000000000000e+05 -1.071986000000000000e+06 1.265755000000000000e+06 7.521450000000000000e+05 -2.455731000000000000e+06 -4.718720000000000000e+05 -6.403670000000000000e+05
-2.360458000000000000e+06 -2.016230000000000000e+05 1.467611000000000000e+06 4.774810000000000000e+05 -2.148670000000000000e+05 4.638520000000000000e+05 -6.525530000000000000e+05 -3.242140000000000000e+05 5.173690000000000000e+05 1.913184000000000000e+06 3.266408000000000000e+06 5.812820000000000000e+06 3.833120000000000000e+05 4.850495000000000000e+06 1.451229000000000000e+06 -3.099130000000000000e+05 9.188830000000000000e+05 1.560861000000000000e+06 -2.818080000000000000e+05 -5.380740000000000000e+05
8.952160000000000000e+05 8.315400000000000000e+04 7.506790000000000000e+05 1.365132000000000000e+06 -8.843900000000000000e+04 1.728897000000000000e+06 1.511917000000000000e+06 -1.935914000000000000e+06 2.368766000000000000e+06 6.749940000000000000e+05 1.928423000000000000e+06 3.833120000000000000e+05 6.195213000000000000e+06 -1.044516000000000000e+06 -4.064390000000000000e+05 2.088180000000000000e+05 -5.962590000000000000e+05 -1.454588000000000000e+06 -5.944970000000000000e+05 -5.843250000000000000e+05
1.103415000000000000e+06 1.841609000000000000e+06 6.138600000000000000e+05 -4.821850000000000000e+05 -1.431036000000000000e+06 -1.688978000000000000e+06 -1.514808000000000000e+06 9.165600000000000000e+04 -2.834540000000000000e+05 2.558335000000000000e+06 4.497220000000000000e+05 4.850495000000000000e+06 -1.044516000000000000e+06 8.468341000000000000e+06 2.412335000000000000e+06 -2.125608000000000000e+06 1.135710000000000000e+05 2.625900000000000000e+06 -1.277976000000000000e+06 -2.140670000000000000e+05
-1.403484000000000000e+06 3.123777000000000000e+06 -6.498570000000000000e+05 -2.337575000000000000e+06 -3.133305000000000000e+06 1.378512000000000000e+06 -1.852132000000000000e+06 1.491620000000000000e+05 1.442371000000000000e+06 -1.285520000000000000e+05 -1.071986000000000000e+06 1.451229000000000000e+06 -4.064390000000000000e+05 2.412335000000000000e+06 7.381404000000000000e+06 -2.116693000000000000e+06 5.220610000000000000e+05 2.942336000000000000e+06 -2.095734000000000000e+06 -1.137100000000000000e+06
-2.136500000000000000e+04 -2.202380000000000000e+05 -4.163920000000000000e+05 -1.782850000000000000e+05 2.349750000000000000e+06 7.460810000000000000e+05 1.649534000000000000e+06 -2.927770000000000000e+05 1.371818000000000000e+06 8.279240000000000000e+05 1.265755000000000000e+06 -3.099130000000000000e+05 2.088180000000000000e+05 -2.125608000000000000e+06 -2.116693000000000000e+06 5.207149000000000000e+06 -6.468070000000000000e+05 -2.054355000000000000e+06 3.398720000000000000e+05 -1.114753000000000000e+06
-7.805940000000000000e+05 -2.793900000000000000e+06 1.558024000000000000e+06 -2.759830000000000000e+05 9.946280000000000000e+05 1.082587000000000000e+06 -1.430939000000000000e+06 -6.506980000000000000e+05 -2.643182000000000000e+06 1.600420000000000000e+05 7.521450000000000000e+05 9.188830000000000000e+05 -5.962590000000000000e+05 1.135710000000000000e+05 5.220610000000000000e+05 -6.468070000000000000e+05 5.425600000000000000e+06 1.664041000000000000e+06 -8.687430000000000000e+05 -9.898100000000000000e+05
1.138374000000000000e+06 2.292800000000000000e+05 -9.164130000000000000e+05 4.556000000000000000e+05 -7.826690000000000000e+05 1.270553000000000000e+06 -2.289170000000000000e+06 1.910200000000000000e+04 7.320970000000000000e+05 9.340730000000000000e+05 -2.455731000000000000e+06 1.560861000000000000e+06 -1.454588000000000000e+06 2.625900000000000000e+06 2.942336000000000000e+06 -2.054355000000000000e+06 1.664041000000000000e+06 8.656232000000000000e+06 -1.569551000000000000e+06 1.124513000000000000e+06
8.615930000000000000e+05 -1.545713000000000000e+06 1.098475000000000000e+06 5.254350000000000000e+05 3.253815000000000000e+06 -1.402564000000000000e+06 8.096500000000000000e+04 8.476650000000000000e+05 -1.121621000000000000e+06 8.927230000000000000e+05 -4.718720000000000000e+05 -2.818080000000000000e+05 -5.944970000000000000e+05 -1.277976000000000000e+06 -2.095734000000000000e+06 3.398720000000000000e+05 -8.687430000000000000e+05 -1.569551000000000000e+06 5.069759000000000000e+06 9.292470000000000000e+05
3.182390000000000000e+05 2.457800000000000000e+05 4.186450000000000000e+05 7.114480000000000000e+05 -1.068025000000000000e+06 5.367950000000000000e+05 1.342600000000000000e+04 -1.256288000000000000e+06 5.068250000000000000e+05 9.500380000000000000e+05 -6.403670000000000000e+05 -5.380740000000000000e+05 -5.843250000000000000e+05 -2.140670000000000000e+05 -1.137100000000000000e+06 -1.114753000000000000e+06 -9.898100000000000000e+05 1.124513000000000000e+06 9.292470000000000000e+05 5.123939000000000000e+06
