8.482158000000000000e+06 -2.109536000000000000e+06 -3.116880000000000000e+05 -5.213030000000000000e+05 7.180620000000000000e+05 1.678708000000000000e+06 8.333700000000000000e+05 -4.006400000000000000e+05 1.476240000000000000e+06 2.032653000000000000e+06 -9.291560000000000000e+05 1.293168000000000000e+06 6.328450000000000000e+05 -9.753100000000000000e+04 1.126277000000000000e+06 9.405610000000000000e+05 -2.070582000000000000e+06 -3.837689000000000000e+06 1.747648000000000000e+06 1.432747000000000000e+06
-2.109536000000000000e+06 7.561806000000000000e+06 2.296578000000000000e+06 6.913000000000000000e+05 1.737470000000000000e+05 -1.425775000000000000e+06 1.471200000000000000e+05 2.688911000000000000e+06 -4.965000000000000000e+05 -2.087376000000000000e+06 -3.555180000000000000e+05 -3.413242000000000000e+06 -3.053569000000000000e+06 -4.970890000000000000e+05 -1.475200000000000000e+05 -3.108917000000000000e+06 -2.345687000000000000e+06 2.425618000000000000e+06 -5.856100000000000000e+04 3.322532000000000000e+06
-3.116880000000000000e+05 2.296578000000000000e+06 6.866754000000000000e+06 1.611640000000000000e+05 -2.819260000000000000e+05 6.375480000000000000e+05 -2.627370000000000000e+05 -5.440200000000000000e+04 1.177074000000000000e+06 -1.135843000000000000e+06 3.208650000000000000e+05 -3.163010000000000000e+05 -1.756883000000000000e+06 2.804200000000000000e+05 -1.801159000000000000e+06 -2.924922000000000000e+06 7.591270000000000000e+05 5.337300000000000000e+05 -1.214060000000000000e+05 3.170987000000000000e+06
-5.213030000000000000e+05 6.913000000000000000e+05 1.611640000000000000e+05 7.485581000000000000e+06 -4.824900000000000000e+05 9.612990000000000000e+05 -1.403990000000000000e+06 -8.511600000000000000e+05 3.275260000000000000e+05 2.528521000000000000e+06 1.255913000000000000e+06 -3.297470000000000000e+05 2.801527000000000000e+06 4.052850000000000000e+05 2.117266000000000000e+06 2.519170000000000000e+05 -1.171619000000000000e+06 -8.007670000000000000e+05 -1.079694000000000000e+06 -5.633290000000000000e+05
7.180620000000000000e+05 1.737470000000000000e+05 -2.819260000000000000e+05 -4.824900000000000000e+05 3.760957000000000000e+06 -8.190980000000000000e+05 1.462338000000000000e+06 5.734720000000000000e+05 3.627670000000000000e+05 8.299100000000000000e+05 -4.990670000000000000e+05 -7.481450000000000000e+05 4.253730000000000000e+05 -9.849920000000000000e+05 1.424080000000000000e+05 2.658275000000000000e+06 1.825366000000000000e+06 -4.881510000000000000e+05 2.264457000000000000e+06 -2.471579000000000000e+06
1.678708000000000000e+06 -1.425775000000000000e+06 6.375480000000000000e+05 9.612990000000000000e+05 -8.190980000000000000e+05 9.218141000000000000e+06 -5.427630000000000000e+05 -1.182537000000000000e+06 2.203314000000000000e+06 3.963778000000000000e+06 7.308530000000000000e+05 4.459545000000000000e+06 5.925070000000000000e+05 -1.427062000000000000e+06 2.868780000000000000e+06 -9.022220000000000000e+05 5.669400000000000000e+04 1.029545000000000000e+06 -2.076005000000000000e+06 2.250400000000000000e+06
8.333700000000000000e+05 1.471200000000000000e+05 -2.627370000000000000e+05 -1.403990000000000000e+06 1.462338000000000000e+06 -5.427630000000000000e+05 4.147934000000000000e+06 -3.881300000000000000e+04 -5.506730000000000000e+05 4.275130000000000000e+05 3.033130000000000000e+05 -3.525000000000000000e+05 -1.001142000000000000e+06 1.035040000000000000e+05 7.121750000000000000e+05 4.000200000000000000e+04 1.441455000000000000e+06 6.445900000000000000e+04 -2.232940000000000000e+05 -7.922260000000000000e+05
-4.006400000000000000e+05 2.688911000000000000e+06 -5.440200000000000000e+04 -8.511600000000000000e+05 5.734720000000000000e+05 -1.182537000000000000e+06 -3.881300000000000000e+04 6.863512000000000000e+06 -2.134280000000000000e+06 -3.230530000000000000e+05 -1.312521000000000000e+06 -4.053800000000000000e+05 -7.561380000000000000e+05 -1.593782000000000000e+06 8.052300000000000000e+04 -4.917550000000000000e+05 -1.355897000000000000e+06 2.460770000000000000e+05 -1.332544000000000000e+06 1.764100000000000000e+06
1.476240000000000000e+06 -4.965000000000000000e+05 1.177074000000000000e+06 3.275260000000000000e+05 3.627670000000000000e+05 2.203314000000000000e+06 -5.506730000000000000e+05 -2.134280000000000000e+06 5.152512000000000000e+06 6.011960000000000000e+05 1.535588000000000000e+06 6.008360000000000000e+05 1.242223000000000000e+06 -1.157471000000000000e+06 2.516250000000000000e+05 -1.320500000000000000e+06 -1.386538000000000000e+06 1.631195000000000000e+06 -7.617730000000000000e+05 5.685150000000000000e+05
2.032653000000000000e+06 -2.087376000000000000e+06 -1.135843000000000000e+06 2.528521000000000000e+06 8.299100000000000000e+05 3.963778000000000000e+06 4.275130000000000000e+05 -3.230530000000000000e+05 6.011960000000000000e+05 6.456052000000000000e+06 6.159490000000000000e+05 3.390791000000000000e+06 2.731356000000000000e+06 1.430830000000000000e+05 5.547180000000000000e+05 1.751812000000000000e+06 1.247630000000000000e+05 -6.869940000000000000e+05 -9.504950000000000000e+05 -3.373150000000000000e+05
-9.291560000000000000e+05 -3.555180000000000000e+05 3.208650000000000000e+05 1.255913000000000000e+06 -4.990670000000000000e+05 7.308530000000000000e+05 3.033130000000000000e+05 -1.312521000000000000e+06 1.535588000000000000e+06 6.159490000000000000e+05 6.419579000000000000e+06 -1.295107000000000000e+06 -1.302223000000000000e+06 2.709948000000000000e+06 -1.810218000000000000e+06 -2.817587000000000000e+06 3.585260000000000000e+05 6.365350000000000000e+05 -2.453555000000000000e+06 -6.719240000000000000e+05
1.293168000000000000e+06 -3.413242000000000000e+06 -3.163010000000000000e+05 -3.297470000000000000e+05 -7.481450000000000000e+05 4.459545000000000000e+06 -3.525000000000000000e+05 -4.053800000000000000e+05 6.008360000000000000e+05 3.390791000000000000e+06 -1.295107000000000000e+06 5.497431000000000000e+06 3.199093000000000000e+06 -1.136882000000000000e+06 1.304480000000000000e+05 1.125224000000000000e+06 5.094600000000000000e+05 -1.511760000000000000e+05 -2.144367000000000000e+06 3.361800000000000000e+05
6.328450000000000000e+05 -3.053569000000000000e+06 -1.756883000000000000e+06 2.801527000000000000e+06 4.253730000000000000e+05 5.925070000000000000e+05 -1.001142000000000000e+06 -7.561380000000000000e+05 1.242223000000000000e+06 2.731356000000000000e+06 -1.302223000000000000e+06 3.199093000000000000e+06 7.582502000000000000e+06 -1.730464000000000000e+06 5.457260000000000000e+05 2.810441000000000000e+06 -1.848400000000000000e+04 -2.598770000000000000e+05 -1.692565000000000000e+06 -1.238697000000000000e+06
-9.753100000000000000e+04 -4.970890000000000000e+05 2.804200000000000000e+05 4.052850000000000000e+05 -9.849920000000000000e+05 -1.427062000000000000e+06 1.035040000000000000e+05 -1.593782000000000000e+06 -1.157471000000000000e+06 1.430830000000000000e+05 2.709948000000000000e+06 -1.136882000000000000e+06 -1.730464000000000000e+06 5.456387000000000000e+06 -3.040824000000000000e+06 -1.350575000000000000e+06 9.806480000000000000e+05 -1.658765000000000000e+06 2.523290000000000000e+05 1.616111000000000000e+06
1.126277000000000000e+06 -1.475200000000000000e+05 -1.801159000000000000e+06 2.117266000000000000e+06 1.424080000000000000e+05 2.868780000000000000e+06 7.121750000000000000e+05 8.052300000000000000e+04 2.516250000000000000e+05 5.547180000000000000e+05 -1.810218000000000000e+06 1.304480000000000000e+05 5.457260000000000000e+05 -3.040824000000000000e+06 6.899284000000000000e+06 9.058790000000000000e+05 -7.255750000000000000e+05 -6.204230000000000000e+05 -6.877370000000000000e+05 -9.604120000000000000e+05
9.405610000000000000e+05 -3.108917000000000000e+06 -2.924922000000000000e+06 2.519170000000000000e+05 2.658275000000000000e+06 -9.022220000000000000e+05 4.000200000000000000e+04 -4.917550000000000000e+05 -1.320500000000000000e+06 1.751812000000000000e+06 -2.817587000000000000e+06 1.125224000000000000e+06 2.810441000000000000e+06 -1.350575000000000000e+06 9.058790000000000000e+05 7.342594000000000000e+06 1.241035000000000000e+06 -2.049774000000000000e+06 2.446197000000000000e+06 -4.307620000000000000e+06
-2.070582000000000000e+06 -2.345687000000000000e+06 7.591270000000000000e+05 -1.171619000000000000e+06 1.825366000000000000e+06 5.669400000000000000e+04 1.441455000000000000e+06 -1.355897000000000000e+06 -1.386538000000000000e+06 1.247630000000000000e+05 3.585260000000000000e+05 5.094600000000000000e+05 -1.848400000000000000e+04 9.806480000000000000e+05 -7.255750000000000000e+05 1.241035000000000000e+06 7.994122000000000000e+06 6.769540000000000000e+05 7.421930000000000000e+05 -2.367739000000000000e+06
-3.837689000000000000e+06 2.425618000000000000e+06 5.337300000000000000e+05 -8.007670000000000000e+05 -4.881510000000000000e+05 1.029545000000000000e+06 6.445900000000000000e+04 2.460770000000000000e+05 1.631195000000000000e+06 -6.869940000000000000e+05 6.365350000000000000e+05 -1.511760000000000000e+05 -2.598770000000000000e+05 -1.658765000000000000e+06 -6.204230000000000000e+05 -2.049774000000000000e+06 6.769540000000000000e+05 5.794650000000000000e+06 -1.559233000000000000e+06 9.652420000000000000e+05
1.747648000000000000e+06 -5.856100000000000000e+04 -1.214060000000000000e+05 -1.079694000000000000e+06 2.264457000000000000e+06 -2.076005000000000000e+06 -2.232940000000000000e+05 -1.332544000000000000e+06 -7.617730000000000000e+05 -9.504950000000000000e+05 -2.453555000000000000e+06 -2.144367000000000000e+06 -1.692565000000000000e+06 2.523290000000000000e+05 -6.877370000000000000e+05 2.446197000000000000e+06 7.421930000000000000e+05 -1.559233000000000000e+06 7.109999000000000000e+06 -1.434223000000000000e+06
1.432747000000000000e+06 3.322532000000000000e+06 3.170987000000000000e+06 -5.633290000000000000e+05 -2.471579000000000000e+06 2.250400000000000000e+06 -7.922260000000000000e+05 1.764100000000000000e+06 5.685150000000000000e+05 -3.373150000000000000e+05 -6.719240000000000000e+05 3.361800000000000000e+05 -1.238697000000000000e+06 1.616111000000000000e+06 -9.604120000000000000e+05 -4.307620000000000000e+06 -2.367739000000000000e+06 9.652420000000000000e+05 -1.434223000000000000e+06 8.856171000000000000e+06
