7.242379000000000000e+06 -3.953740000000000000e+05 4.249500000000000000e+04 1.114923000000000000e+06 2.533430000000000000e+05 -3.447820000000000000e+05 -1.878850000000000000e+05 -3.984900000000000000e+05 -1.414339000000000000e+06 -8.919390000000000000e+05 1.534394000000000000e+06 1.874530000000000000e+05 7.538530000000000000e+05 4.493220000000000000e+05 3.095212000000000000e+06 -2.698070000000000000e+05 -2.017506000000000000e+06 2.346868000000000000e+06 3.031669000000000000e+06 -1.255280000000000000e+05
-3.953740000000000000e+05 6.944220000000000000e+06 2.082429000000000000e+06 -2.345419000000000000e+06 9.365380000000000000e+05 -4.859380000000000000e+05 2.086681000000000000e+06 -8.383560000000000000e+05 -2.423708000000000000e+06 -2.062644000000000000e+06 1.111699000000000000e+06 -7.161150000000000000e+05 2.312144000000000000e+06 1.151994000000000000e+06 -2.620514000000000000e+06 -4.203000000000000000e+04 -3.194010000000000000e+05 3.613030000000000000e+05 -9.635850000000000000e+05 -1.527220000000000000e+05
4.249500000000000000e+04 2.082429000000000000e+06 6.561423000000000000e+06 -5.509880000000000000e+05 2.159734000000000000e+06 -1.318100000000000000e+04 -1.105184000000000000e+06 -7.634210000000000000e+05 -5.238263000000000000e+06 1.315325000000000000e+06 7.048610000000000000e+05 -1.864038000000000000e+06 1.250275000000000000e+06 4.838270000000000000e+05 -1.487874000000000000e+06 2.041142000000000000e+06 -2.084003000000000000e+06 1.296181000000000000e+06 -2.752080000000000000e+05 1.555021000000000000e+06
1.114923000000000000e+06 -2.345419000000000000e+06 -5.509880000000000000e+05 6.717897000000000000e+06 6.703050000000000000e+05 1.002404000000000000e+06 -6.095010000000000000e+05 -6.287360000000000000e+05 1.010767000000000000e+06 1.611460000000000000e+05 -1.557450000000000000e+05 -1.128610000000000000e+05 3.338810000000000000e+05 -1.061801000000000000e+06 4.489120000000000000e+05 5.970810000000000000e+05 -1.527517000000000000e+06 -4.811350000000000000e+05 -6.762500000000000000e+05 1.933308000000000000e+06
2.533430000000000000e+05 9.365380000000000000e+05 2.159734000000000000e+06 6.703050000000000000e+05 8.589539000000000000e+06 -1.171586000000000000e+06 3.305890000000000000e+05 2.928440000000000000e+05 2.881990000000000000e+05 -1.153150000000000000e+05 1.126240000000000000e+06 6.617450000000000000e+05 3.855412000000000000e+06 1.158996000000000000e+06 -1.599590000000000000e+05 1.482797000000000000e+06 5.515680000000000000e+05 2.235120000000000000e+06 -3.733080000000000000e+05 -9.575400000000000000e+04
-3.447820000000000000e+05 -4.859380000000000000e+05 -1.318100000000000000e+04 1.002404000000000000e+06 -1.171586000000000000e+06 5.562649000000000000e+06 -1.209621000000000000e+06 -1.424853000000000000e+06 1.154511000000000000e+06 8.388870000000000000e+05 -1.659416000000000000e+06 -3.685386000000000000e+06 6.412490000000000000e+05 -6.697480000000000000e+05 7.535790000000000000e+05 -7.612060000000000000e+05 2.781650000000000000e+05 -4.418170000000000000e+05 -1.964403000000000000e+06 -1.508853000000000000e+06
-1.878850000000000000e+05 2.086681000000000000e+06 -1.105184000000000000e+06 -6.095010000000000000e+05 3.305890000000000000e+05 -1.209621000000000000e+06 8.267330000000000000e+06 -1.326900000000000000e+04 1.799221000000000000e+06 -1.110877000000000000e+06 1.102262000000000000e+06 -3.830900000000000000e+04 -5.646070000000000000e+05 -1.703260000000000000e+05 2.421130000000000000e+05 -6.557740000000000000e+05 1.228254000000000000e+06 -1.365806000000000000e+06 3.106900000000000000e+04 1.105330000000000000e+05
-3.984900000000000000e+05 -8.383560000000000000e+05 -7.634210000000000000e+05 -6.287360000000000000e+05 2.928440000000000000e+05 -1.424853000000000000e+06 -1.326900000000000000e+04 4.565518000000000000e+06 1.759239000000000000e+06 1.062930000000000000e+06 6.384010000000000000e+05 2.397019000000000000e+06 1.188601000000000000e+06 -2.587256000000000000e+06 -8.791120000000000000e+05 -2.335257000000000000e+06 -1.157370000000000000e+05 -1.226624000000000000e+06 1.362036000000000000e+06 -4.796680000000000000e+05
-1.414339000000000000e+06 -2.423708000000000000e+06 -5.238263000000000000e+06 1.010767000000000000e+06 2.881990000000000000e+05 1.154511000000000000e+06 1.799221000000000000e+06 1.759239000000000000e+06 7.295605000000000000e+06 1.063950000000000000e+05 -6.366720000000000000e+05 9.317370000000000000e+05 4.019880000000000000e+05 -1.713193000000000000e+06 1.545865000000000000e+06 -1.339357000000000000e+06 2.727079000000000000e+06 -1.245413000000000000e+06 -6.731620000000000000e+05 -1.236042000000000000e+06
-8.919390000000000000e+05 -2.062644000000000000e+06 1.315325000000000000e+06 1.611460000000000000e+05 -1.153150000000000000e+05 8.388870000000000000e+05 -1.110877000000000000e+06 1.062930000000000000e+06 1.063950000000000000e+05 4.977412000000000000e+06 2.421610000000000000e+05 -2.562663000000000000e+06 1.345042000000000000e+06 -1.490393000000000000e+06 1.397121000000000000e+06 1.631002000000000000e+06 -4.775600000000000000e+04 -1.960460000000000000e+05 -5.102920000000000000e+05 7.271580000000000000e+05
1.534394000000000000e+06 1.111699000000000000e+06 7.048610000000000000e+05 -1.557450000000000000e+05 1.126240000000000000e+06 -1.659416000000000000e+06 1.102262000000000000e+06 6.384010000000000000e+05 -6.366720000000000000e+05 2.421610000000000000e+05 4.569359000000000000e+06 2.435410000000000000e+05 1.116016000000000000e+06 -1.730141000000000000e+06 -7.701240000000000000e+05 4.985780000000000000e+05 -4.544890000000000000e+05 1.061022000000000000e+06 1.874924000000000000e+06 3.771300000000000000e+05
1.874530000000000000e+05 -7.161150000000000000e+05 -1.864038000000000000e+06 -1.128610000000000000e+05 6.617450000000000000e+05 -3.685386000000000000e+06 -3.830900000000000000e+04 2.397019000000000000e+06 9.317370000000000000e+05 -2.562663000000000000e+06 2.435410000000000000e+05 7.573130000000000000e+06 3.148800000000000000e+04 1.144904000000000000e+06 -1.731353000000000000e+06 -5.380080000000000000e+05 1.483963000000000000e+06 -2.283167000000000000e+06 3.581400000000000000e+06 -1.156516000000000000e+06
7.538530000000000000e+05 2.312144000000000000e+06 1.250275000000000000e+06 3.338810000000000000e+05 3.855412000000000000e+06 6.412490000000000000e+05 -5.646070000000000000e+05 1.188601000000000000e+06 4.019880000000000000e+05 1.345042000000000000e+06 1.116016000000000000e+06 3.148800000000000000e+04 8.115046000000000000e+06 -6.450770000000000000e+05 5.265510000000000000e+05 2.273299000000000000e+06 1.412154000000000000e+06 -1.170271000000000000e+06 -4.829030000000000000e+05 -7.756920000000000000e+05
4.493220000000000000e+05 1.151994000000000000e+06 4.838270000000000000e+05 -1.061801000000000000e+06 1.158996000000000000e+06 -6.697480000000000000e+05 -1.703260000000000000e+05 -2.587256000000000000e+06 -1.713193000000000000e+06 -1.490393000000000000e+06 -1.730141000000000000e+06 1.144904000000000000e+06 -6.450770000000000000e+05 6.004173000000000000e+06 2.292371000000000000e+06 2.012461000000000000e+06 7.270710000000000000e+05 -5.658200000000000000e+04 1.094961000000000000e+06 -8.935770000000000000e+05
3.095212000000000000e+06 -2.620514000000000000e+06 -1.487874000000000000e+06 4.489120000000000000e+05 -1.599590000000000000e+05 7.535790000000000000e+05 2.421130000000000000e+05 -8.791120000000000000e+05 1.545865000000000000e+06 1.397121000000000000e+06 -7.701240000000000000e+05 -1.731353000000000000e+06 5.265510000000000000e+05 2.292371000000000000e+06 7.031044000000000000e+06 7.561220000000000000e+05 -7.279000000000000000e+03 -1.043220000000000000e+05 4.556640000000000000e+05 -1.004150000000000000e+05
-2.698070000000000000e+05 -4.203000000000000000e+04 2.041142000000000000e+06 5.970810000000000000e+05 1.482797000000000000e+06 -7.612060000000000000e+05 -6.557740000000000000e+05 -2.335257000000000000e+06 -1.339357000000000000e+06 1.631002000000000000e+06 4.985780000000000000e+05 -5.380080000000000000e+05 2.273299000000000000e+06 2.012461000000000000e+06 7.561220000000000000e+05 6.785392000000000000e+06 1.496393000000000000e+06 -8.065090000000000000e+05 -4.805700000000000000e+05 4.415760000000000000e+05
-2.017506000000000000e+06 -3.194010000000000000e+05 -2.084003000000000000e+06 -1.527517000000000000e+06 5.515680000000000000e+05 2.781650000000000000e+05 1.228254000000000000e+06 -1.157370000000000000e+05 2.727079000000000000e+06 -4.775600000000000000e+04 -4.544890000000000000e+05 1.483963000000000000e+06 1.412154000000000000e+06 7.270710000000000000e+05 -7.279000000000000000e+03 1.496393000000000000e+06 4.076611000000000000e+06 -1.564332000000000000e+06 2.618310000000000000e+05 -1.070401000000000000e+06
2.346868000000000000e+06 3.613030000000000000e+05 1.296181000000000000e+06 -4.811350000000000000e+05 2.235120000000000000e+06 -4.418170000000000000e+05 -1.365806000000000000e+06 -1.226624000000000000e+06 -1.245413000000000000e+06 -1.960460000000000000e+05 1.061022000000000000e+06 -2.283167000000000000e+06 -1.170271000000000000e+06 -5.658200000000000000e+04 -1.043220000000000000e+05 -8.065090000000000000e+05 -1.564332000000000000e+06 7.334884000000000000e+06 1.495513000000000000e+06 1.753087000000000000e+06
3.031669000000000000e+06 -9.635850000000000000e+05 -2.752080000000000000e+05 -6.762500000000000000e+05 -3.733080000000000000e+05 -1.964403000000000000e+06 3.106900000000000000e+04 1.362036000000000000e+06 -6.731620000000000000e+05 -5.102920000000000000e+05 1.874924000000000000e+06 3.581400000000000000e+06 -4.829030000000000000e+05 1.094961000000000000e+06 4.556640000000000000e+05 -4.805700000000000000e+05 2.618310000000000000e+05 1.495513000000000000e+06 6.331653000000000000e+06 -1.928810000000000000e+05
-1.255280000000000000e+05 -1.527220000000000000e+05 1.555021000000000000e+06 1.933308000000000000e+06 -9.575400000000000000e+04 -1.508853000000000000e+06 1.105330000000000000e+05 -4.796680000000000000e+05 -1.236042000000000000e+06 7.271580000000000000e+05 3.771300000000000000e+05 -1.156516000000000000e+06 -7.756920000000000000e+05 -8.935770000000000000e+05 -1.004150000000000000e+05 4.415760000000000000e+05 -1.070401000000000000e+06 1.753087000000000000e+06 -1.928810000000000000e+05 4.931455000000000000e+06
