7.673998000000000000e+06 1.133443000000000000e+06 -6.505060000000000000e+05 8.638130000000000000e+05 -2.244635000000000000e+06 1.037013000000000000e+06 -1.537984000000000000e+06 -2.785944000000000000e+06 -1.669310000000000000e+05 -5.279650000000000000e+05 7.118800000000000000e+05 2.919649000000000000e+06 1.474248000000000000e+06 7.379140000000000000e+05 1.686100000000000000e+05 2.613514000000000000e+06 9.434900000000000000e+04 8.409050000000000000e+05 -1.655260000000000000e+05 2.916540000000000000e+05
1.133443000000000000e+06 6.219500000000000000e+06 -9.970410000000000000e+05 9.162770000000000000e+05 -2.669277000000000000e+06 1.327477000000000000e+06 -4.697250000000000000e+05 -1.669310000000000000e+05 1.886720000000000000e+06 1.988930000000000000e+05 1.639891000000000000e+06 2.133785000000000000e+06 1.977618000000000000e+06 -6.161600000000000000e+05 -2.224847000000000000e+06 -7.145640000000000000e+05 1.299955000000000000e+06 -2.046080000000000000e+05 1.125885000000000000e+06 -2.300567000000000000e+06
-6.505060000000000000e+05 -9.970410000000000000e+05 7.552314000000000000e+06 -1.841014000000000000e+06 1.572637000000000000e+06 -1.899946000000000000e+06 4.897762000000000000e+06 -1.419759000000000000e+06 -5.863130000000000000e+05 1.555604000000000000e+06 -3.570209000000000000e+06 1.743843000000000000e+06 -1.064964000000000000e+06 -5.363790000000000000e+05 1.155930000000000000e+05 -4.023260000000000000e+05 -6.646640000000000000e+05 9.107600000000000000e+05 -3.414560000000000000e+05 1.140889000000000000e+06
8.638130000000000000e+05 9.162770000000000000e+05 -1.841014000000000000e+06 5.887331000000000000e+06 -3.031670000000000000e+05 -7.210700000000000000e+04 4.986880000000000000e+05 -3.523690000000000000e+05 1.343886000000000000e+06 -4.974240000000000000e+05 1.667772000000000000e+06 8.379150000000000000e+05 -1.749305000000000000e+06 7.666690000000000000e+05 -2.621828000000000000e+06 -1.370398000000000000e+06 2.260168000000000000e+06 -2.401637000000000000e+06 -1.438493000000000000e+06 5.649000000000000000e+03
-2.244635000000000000e+06 -2.669277000000000000e+06 1.572637000000000000e+06 -3.031670000000000000e+05 8.631323000000000000e+06 1.036400000000000000e+04 8.198810000000000000e+05 -3.999680000000000000e+05 5.732700000000000000e+04 1.112381000000000000e+06 -2.146098000000000000e+06 -1.802594000000000000e+06 2.286800000000000000e+05 1.006379000000000000e+06 1.954259000000000000e+06 -1.078819000000000000e+06 1.660996000000000000e+06 -9.290800000000000000e+04 -1.388506000000000000e+06 1.878975000000000000e+06
1.037013000000000000e+06 1.327477000000000000e+06 -1.899946000000000000e+06 -7.210700000000000000e+04 1.036400000000000000e+04 7.933705000000000000e+06 -2.364129000000000000e+06 -2.584000000000000000e+03 -8.814650000000000000e+05 -1.948518000000000000e+06 -1.442939000000000000e+06 2.908700000000000000e+04 -9.149780000000000000e+05 -1.711741000000000000e+06 -8.868500000000000000e+05 8.994280000000000000e+05 3.486390000000000000e+05 -1.961001000000000000e+06 1.872030000000000000e+05 -9.404610000000000000e+05
-1.537984000000000000e+06 -4.697250000000000000e+05 4.897762000000000000e+06 4.986880000000000000e+05 8.198810000000000000e+05 -2.364129000000000000e+06 7.792955000000000000e+06 -5.353610000000000000e+05 6.063290000000000000e+05 1.641007000000000000e+06 -1.558603000000000000e+06 1.594655000000000000e+06 -3.657402000000000000e+06 -1.673710000000000000e+05 -2.784640000000000000e+05 -1.901556000000000000e+06 -1.031959000000000000e+06 1.878210000000000000e+05 9.362480000000000000e+05 2.908457000000000000e+06
-2.785944000000000000e+06 -1.669310000000000000e+05 -1.419759000000000000e+06 -3.523690000000000000e+05 -3.999680000000000000e+05 -2.584000000000000000e+03 -5.353610000000000000e+05 5.306823000000000000e+06 -3.109330000000000000e+05 -1.045100000000000000e+06 2.271484000000000000e+06 -2.006019000000000000e+06 -3.774840000000000000e+05 -1.358380000000000000e+05 4.584350000000000000e+05 -1.121980000000000000e+06 5.231630000000000000e+05 5.594100000000000000e+05 1.526065000000000000e+06 -6.955330000000000000e+05
-1.669310000000000000e+05 1.886720000000000000e+06 -5.863130000000000000e+05 1.343886000000000000e+06 5.732700000000000000e+04 -8.814650000000000000e+05 6.063290000000000000e+05 -3.109330000000000000e+05 5.757496000000000000e+06 -1.380370000000000000e+06 -1.988440000000000000e+05 5.825930000000000000e+05 7.973620000000000000e+05 -1.813970000000000000e+05 1.011850000000000000e+05 1.137404000000000000e+06 2.381830000000000000e+05 -3.167520000000000000e+05 -1.111652000000000000e+06 -1.869490000000000000e+06
-5.279650000000000000e+05 1.988930000000000000e+05 1.555604000000000000e+06 -4.974240000000000000e+05 1.112381000000000000e+06 -1.948518000000000000e+06 1.641007000000000000e+06 -1.045100000000000000e+06 -1.380370000000000000e+06 7.194892000000000000e+06 -1.426265000000000000e+06 2.727149000000000000e+06 1.142307000000000000e+06 5.129850000000000000e+05 -8.075120000000000000e+05 -7.083600000000000000e+05 6.770910000000000000e+05 1.615350000000000000e+06 -3.008700000000000000e+05 4.049169000000000000e+06
7.118800000000000000e+05 1.639891000000000000e+06 -3.570209000000000000e+06 1.667772000000000000e+06 -2.146098000000000000e+06 -1.442939000000000000e+06 -1.558603000000000000e+06 2.271484000000000000e+06 -1.988440000000000000e+05 -1.426265000000000000e+06 7.333343000000000000e+06 -2.133150000000000000e+05 2.212552000000000000e+06 9.921700000000000000e+05 -3.225870000000000000e+05 -9.024860000000000000e+05 3.235347000000000000e+06 -1.081075000000000000e+06 1.824424000000000000e+06 -1.282943000000000000e+06
2.919649000000000000e+06 2.133785000000000000e+06 1.743843000000000000e+06 8.379150000000000000e+05 -1.802594000000000000e+06 2.908700000000000000e+04 1.594655000000000000e+06 -2.006019000000000000e+06 5.825930000000000000e+05 2.727149000000000000e+06 -2.133150000000000000e+05 6.109418000000000000e+06 2.185020000000000000e+05 -1.062756000000000000e+06 -1.501816000000000000e+06 1.304875000000000000e+06 1.353030000000000000e+06 -1.138879000000000000e+06 5.139190000000000000e+05 1.933950000000000000e+05
1.474248000000000000e+06 1.977618000000000000e+06 -1.064964000000000000e+06 -1.749305000000000000e+06 2.286800000000000000e+05 -9.149780000000000000e+05 -3.657402000000000000e+06 -3.774840000000000000e+05 7.973620000000000000e+05 1.142307000000000000e+06 2.212552000000000000e+06 2.185020000000000000e+05 9.384465000000000000e+06 -1.899644000000000000e+06 4.896110000000000000e+05 3.586584000000000000e+06 3.494622000000000000e+06 4.607773000000000000e+06 -2.000315000000000000e+06 -1.692323000000000000e+06
7.379140000000000000e+05 -6.161600000000000000e+05 -5.363790000000000000e+05 7.666690000000000000e+05 1.006379000000000000e+06 -1.711741000000000000e+06 -1.673710000000000000e+05 -1.358380000000000000e+05 -1.813970000000000000e+05 5.129850000000000000e+05 9.921700000000000000e+05 -1.062756000000000000e+06 -1.899644000000000000e+06 5.768355000000000000e+06 6.443110000000000000e+05 -2.515361000000000000e+06 -8.148720000000000000e+05 -4.084190000000000000e+05 1.727228000000000000e+06 2.644994000000000000e+06
1.686100000000000000e+05 -2.224847000000000000e+06 1.155930000000000000e+05 -2.621828000000000000e+06 1.954259000000000000e+06 -8.868500000000000000e+05 -2.784640000000000000e+05 4.584350000000000000e+05 1.011850000000000000e+05 -8.075120000000000000e+05 -3.225870000000000000e+05 -1.501816000000000000e+06 4.896110000000000000e+05 6.443110000000000000e+05 6.127852000000000000e+06 2.428763000000000000e+06 -9.903860000000000000e+05 2.541395000000000000e+06 -4.245390000000000000e+05 1.480451000000000000e+06
2.613514000000000000e+06 -7.145640000000000000e+05 -4.023260000000000000e+05 -1.370398000000000000e+06 -1.078819000000000000e+06 8.994280000000000000e+05 -1.901556000000000000e+06 -1.121980000000000000e+06 1.137404000000000000e+06 -7.083600000000000000e+05 -9.024860000000000000e+05 1.304875000000000000e+06 3.586584000000000000e+06 -2.515361000000000000e+06 2.428763000000000000e+06 5.597918000000000000e+06 2.380290000000000000e+05 2.162709000000000000e+06 -1.429410000000000000e+06 -6.838110000000000000e+05
9.434900000000000000e+04 1.299955000000000000e+06 -6.646640000000000000e+05 2.260168000000000000e+06 1.660996000000000000e+06 3.486390000000000000e+05 -1.031959000000000000e+06 5.231630000000000000e+05 2.381830000000000000e+05 6.770910000000000000e+05 3.235347000000000000e+06 1.353030000000000000e+06 3.494622000000000000e+06 -8.148720000000000000e+05 -9.903860000000000000e+05 2.380290000000000000e+05 6.329345000000000000e+06 -8.350000000000000000e+03 -8.412450000000000000e+05 -1.585979000000000000e+06
8.409050000000000000e+05 -2.046080000000000000e+05 9.107600000000000000e+05 -2.401637000000000000e+06 -9.290800000000000000e+04 -1.961001000000000000e+06 1.878210000000000000e+05 5.594100000000000000e+05 -3.167520000000000000e+05 1.615350000000000000e+06 -1.081075000000000000e+06 -1.138879000000000000e+06 4.607773000000000000e+06 -4.084190000000000000e+05 2.541395000000000000e+06 2.162709000000000000e+06 -8.350000000000000000e+03 8.428405000000000000e+06 -2.188330000000000000e+06 1.915839000000000000e+06
-1.655260000000000000e+05 1.125885000000000000e+06 -3.414560000000000000e+05 -1.438493000000000000e+06 -1.388506000000000000e+06 1.872030000000000000e+05 9.362480000000000000e+05 1.526065000000000000e+06 -1.111652000000000000e+06 -3.008700000000000000e+05 1.824424000000000000e+06 5.139190000000000000e+05 -2.000315000000000000e+06 1.727228000000000000e+06 -4.245390000000000000e+05 -1.429410000000000000e+06 -8.412450000000000000e+05 -2.188330000000000000e+06 6.202075000000000000e+06 -7.318620000000000000e+05
2.916540000000000000e+05 -2.300567000000000000e+06 1.140889000000000000e+06 5.649000000000000000e+03 1.878975000000000000e+06 -9.404610000000000000e+05 2.908457000000000000e+06 -6.955330000000000000e+05 -1.869490000000000000e+06 4.049169000000000000e+06 -1.282943000000000000e+06 1.933950000000000000e+05 -1.692323000000000000e+06 2.644994000000000000e+06 1.480451000000000000e+06 -6.838110000000000000e+05 -1.585979000000000000e+06 1.915839000000000000e+06 -7.318620000000000000e+05 7.394736000000000000e+06
