6.402603000000000000e+06 9.345140000000000000e+05 2.398648000000000000e+06 -1.321402000000000000e+06 -1.664607000000000000e+06 -1.476570000000000000e+06 1.526040000000000000e+06 1.182880000000000000e+05 -2.364248000000000000e+06 -1.807443000000000000e+06 -1.184966000000000000e+06 -1.520999000000000000e+06 1.935927000000000000e+06 -6.207090000000000000e+05 -1.844432000000000000e+06 1.469723000000000000e+06 4.782530000000000000e+05 1.314318000000000000e+06 1.205776000000000000e+06 8.423460000000000000e+05
9.345140000000000000e+05 6.993119000000000000e+06 1.910758000000000000e+06 -9.054000000000000000e+05 -5.545720000000000000e+05 -1.769123000000000000e+06 2.421585000000000000e+06 -1.706470000000000000e+06 1.352007000000000000e+06 -2.864939000000000000e+06 -1.617353000000000000e+06 1.605255000000000000e+06 1.421471000000000000e+06 -1.655380000000000000e+05 -3.090666000000000000e+06 -1.185179000000000000e+06 -1.478380000000000000e+05 4.548600000000000000e+04 -2.023170000000000000e+05 1.826390000000000000e+05
2.398648000000000000e+06 1.910758000000000000e+06 5.880684000000000000e+06 -9.742200000000000000e+05 -8.593030000000000000e+05 -8.527640000000000000e+05 4.338292000000000000e+06 1.723914000000000000e+06 2.174390000000000000e+05 -8.155940000000000000e+05 -3.473640000000000000e+05 -2.037070000000000000e+06 7.503640000000000000e+05 2.062156000000000000e+06 2.370600000000000000e+05 -1.539330000000000000e+05 -5.701350000000000000e+05 1.198197000000000000e+06 -2.670750000000000000e+05 1.152372000000000000e+06
-1.321402000000000000e+06 -9.054000000000000000e+05 -9.742200000000000000e+05 3.732823000000000000e+06 -6.948310000000000000e+05 1.698099000000000000e+06 -8.157920000000000000e+05 9.398610000000000000e+05 2.616230000000000000e+05 6.699080000000000000e+05 -1.669194000000000000e+06 -3.264960000000000000e+05 -2.085060000000000000e+05 1.181409000000000000e+06 8.365000000000000000e+05 5.424850000000000000e+05 7.697600000000000000e+04 -6.170940000000000000e+05 -1.666112000000000000e+06 1.806231000000000000e+06
-1.664607000000000000e+06 -5.545720000000000000e+05 -8.593030000000000000e+05 -6.948310000000000000e+05 8.116992000000000000e+06 6.725670000000000000e+05 7.380200000000000000e+04 4.776510000000000000e+05 2.543233000000000000e+06 -1.257342000000000000e+06 1.018430000000000000e+05 -2.513417000000000000e+06 -4.047376000000000000e+06 -5.390000000000000000e+03 3.160518000000000000e+06 9.462150000000000000e+05 -2.850950000000000000e+05 -1.222402000000000000e+06 3.276266000000000000e+06 -1.937437000000000000e+06
-1.476570000000000000e+06 -1.769123000000000000e+06 -8.527640000000000000e+05 1.698099000000000000e+06 6.725670000000000000e+05 6.809392000000000000e+06 4.578550000000000000e+05 1.338325000000000000e+06 7.303100000000000000e+04 -2.636680000000000000e+05 -1.330078000000000000e+06 3.421120000000000000e+05 5.480940000000000000e+05 -1.360333000000000000e+06 1.825737000000000000e+06 1.527041000000000000e+06 -1.776965000000000000e+06 8.884470000000000000e+05 -1.455079000000000000e+06 2.669820000000000000e+06
1.526040000000000000e+06 2.421585000000000000e+06 4.338292000000000000e+06 -8.157920000000000000e+05 7.380200000000000000e+04 4.578550000000000000e+05 8.382646000000000000e+06 3.341770000000000000e+05 3.062946000000000000e+06 -5.868270000000000000e+05 -2.482091000000000000e+06 -2.128054000000000000e+06 6.910710000000000000e+05 1.101277000000000000e+06 -1.011011000000000000e+06 -2.788500000000000000e+05 -1.126305000000000000e+06 -1.449833000000000000e+06 1.294723000000000000e+06 1.247510000000000000e+06
1.182880000000000000e+05 -1.706470000000000000e+06 1.723914000000000000e+06 9.398610000000000000e+05 4.776510000000000000e+05 1.338325000000000000e+06 3.341770000000000000e+05 5.556846000000000000e+06 5.630970000000000000e+05 5.857360000000000000e+05 -1.065130000000000000e+05 -2.049859000000000000e+06 5.029930000000000000e+05 2.137492000000000000e+06 3.303778000000000000e+06 3.215196000000000000e+06 -1.817980000000000000e+05 -1.261280000000000000e+06 -1.459048000000000000e+06 -5.194800000000000000e+05
-2.364248000000000000e+06 1.352007000000000000e+06 2.174390000000000000e+05 2.616230000000000000e+05 2.543233000000000000e+06 7.303100000000000000e+04 3.062946000000000000e+06 5.630970000000000000e+05 8.807256000000000000e+06 5.128560000000000000e+05 -1.172823000000000000e+06 -2.717680000000000000e+06 -5.777707000000000000e+06 -1.397250000000000000e+05 2.531595000000000000e+06 -7.427550000000000000e+05 1.134376000000000000e+06 -2.425594000000000000e+06 -3.418200000000000000e+05 9.507430000000000000e+05
-1.807443000000000000e+06 -2.864939000000000000e+06 -8.155940000000000000e+05 6.699080000000000000e+05 -1.257342000000000000e+06 -2.636680000000000000e+05 -5.868270000000000000e+05 5.857360000000000000e+05 5.128560000000000000e+05 7.305421000000000000e+06 1.340934000000000000e+06 -1.354056000000000000e+06 -1.959810000000000000e+06 1.072816000000000000e+06 1.811660000000000000e+05 5.960470000000000000e+05 1.720462000000000000e+06 9.076770000000000000e+05 -1.117424000000000000e+06 -6.766690000000000000e+05
-1.184966000000000000e+06 -1.617353000000000000e+06 -3.473640000000000000e+05 -1.669194000000000000e+06 1.018430000000000000e+05 -1.330078000000000000e+06 -2.482091000000000000e+06 -1.065130000000000000e+05 -1.172823000000000000e+06 1.340934000000000000e+06 7.347500000000000000e+06 -5.950920000000000000e+05 -4.423200000000000000e+05 8.485110000000000000e+05 -5.704740000000000000e+05 -1.213899000000000000e+06 -9.623340000000000000e+05 7.535570000000000000e+05 -1.460320000000000000e+06 -2.959782000000000000e+06
-1.520999000000000000e+06 1.605255000000000000e+06 -2.037070000000000000e+06 -3.264960000000000000e+05 -2.513417000000000000e+06 3.421120000000000000e+05 -2.128054000000000000e+06 -2.049859000000000000e+06 -2.717680000000000000e+06 -1.354056000000000000e+06 -5.950920000000000000e+05 7.311117000000000000e+06 2.901992000000000000e+06 -2.493608000000000000e+06 -1.720882000000000000e+06 6.454800000000000000e+04 -7.984090000000000000e+05 5.346830000000000000e+05 7.581120000000000000e+05 6.064500000000000000e+05
1.935927000000000000e+06 1.421471000000000000e+06 7.503640000000000000e+05 -2.085060000000000000e+05 -4.047376000000000000e+06 5.480940000000000000e+05 6.910710000000000000e+05 5.029930000000000000e+05 -5.777707000000000000e+06 -1.959810000000000000e+06 -4.423200000000000000e+05 2.901992000000000000e+06 8.633445000000000000e+06 -1.760530000000000000e+05 -3.710723000000000000e+06 -1.951120000000000000e+05 -3.478460000000000000e+05 5.774420000000000000e+05 -1.096071000000000000e+06 -1.337801000000000000e+06
-6.207090000000000000e+05 -1.655380000000000000e+05 2.062156000000000000e+06 1.181409000000000000e+06 -5.390000000000000000e+03 -1.360333000000000000e+06 1.101277000000000000e+06 2.137492000000000000e+06 -1.397250000000000000e+05 1.072816000000000000e+06 8.485110000000000000e+05 -2.493608000000000000e+06 -1.760530000000000000e+05 6.311535000000000000e+06 1.481546000000000000e+06 -9.868140000000000000e+05 -2.330270000000000000e+05 -3.654670000000000000e+05 -2.200425000000000000e+06 -9.928710000000000000e+05
-1.844432000000000000e+06 -3.090666000000000000e+06 2.370600000000000000e+05 8.365000000000000000e+05 3.160518000000000000e+06 1.825737000000000000e+06 -1.011011000000000000e+06 3.303778000000000000e+06 2.531595000000000000e+06 1.811660000000000000e+05 -5.704740000000000000e+05 -1.720882000000000000e+06 -3.710723000000000000e+06 1.481546000000000000e+06 6.719451000000000000e+06 1.591909000000000000e+06 -4.214910000000000000e+05 6.614860000000000000e+05 -9.400020000000000000e+05 1.080963000000000000e+06
1.469723000000000000e+06 -1.185179000000000000e+06 -1.539330000000000000e+05 5.424850000000000000e+05 9.462150000000000000e+05 1.527041000000000000e+06 -2.788500000000000000e+05 3.215196000000000000e+06 -7.427550000000000000e+05 5.960470000000000000e+05 -1.213899000000000000e+06 6.454800000000000000e+04 -1.951120000000000000e+05 -9.868140000000000000e+05 1.591909000000000000e+06 5.902312000000000000e+06 -1.406338000000000000e+06 -1.610071000000000000e+06 1.640906000000000000e+06 3.898890000000000000e+05
4.782530000000000000e+05 -1.478380000000000000e+05 -5.701350000000000000e+05 7.697600000000000000e+04 -2.850950000000000000e+05 -1.776965000000000000e+06 -1.126305000000000000e+06 -1.817980000000000000e+05 1.134376000000000000e+06 1.720462000000000000e+06 -9.623340000000000000e+05 -7.984090000000000000e+05 -3.478460000000000000e+05 -2.330270000000000000e+05 -4.214910000000000000e+05 -1.406338000000000000e+06 5.094657000000000000e+06 1.452810000000000000e+06 -3.150600000000000000e+05 -1.206844000000000000e+06
1.314318000000000000e+06 4.548600000000000000e+04 1.198197000000000000e+06 -6.170940000000000000e+05 -1.222402000000000000e+06 8.884470000000000000e+05 -1.449833000000000000e+06 -1.261280000000000000e+06 -2.425594000000000000e+06 9.076770000000000000e+05 7.535570000000000000e+05 5.346830000000000000e+05 5.774420000000000000e+05 -3.654670000000000000e+05 6.614860000000000000e+05 -1.610071000000000000e+06 1.452810000000000000e+06 7.192925000000000000e+06 -2.110863000000000000e+06 2.664173000000000000e+06
1.205776000000000000e+06 -2.023170000000000000e+05 -2.670750000000000000e+05 -1.666112000000000000e+06 3.276266000000000000e+06 -1.455079000000000000e+06 1.294723000000000000e+06 -1.459048000000000000e+06 -3.418200000000000000e+05 -1.117424000000000000e+06 -1.460320000000000000e+06 7.581120000000000000e+05 -1.096071000000000000e+06 -2.200425000000000000e+06 -9.400020000000000000e+05 1.640906000000000000e+06 -3.150600000000000000e+05 -2.110863000000000000e+06 6.324894000000000000e+06 -1.233740000000000000e+05
8.423460000000000000e+05 1.826390000000000000e+05 1.152372000000000000e+06 1.806231000000000000e+06 -1.937437000000000000e+06 2.669820000000000000e+06 1.247510000000000000e+06 -5.194800000000000000e+05 9.507430000000000000e+05 -6.766690000000000000e+05 -2.959782000000000000e+06 6.064500000000000000e+05 -1.337801000000000000e+06 -9.928710000000000000e+05 1.080963000000000000e+06 3.898890000000000000e+05 -1.206844000000000000e+06 2.664173000000000000e+06 -1.233740000000000000e+05 8.042553000000000000e+06
