6.709168000000000000e+06 6.777430000000000000e+05 -4.326720000000000000e+05 2.494663000000000000e+06 9.017730000000000000e+05 -1.757861000000000000e+06 4.054860000000000000e+05 -8.076180000000000000e+05 9.404160000000000000e+05 -4.994600000000000000e+04 3.039601000000000000e+06 -2.570095000000000000e+06 5.192520000000000000e+05 5.553050000000000000e+05 -6.006140000000000000e+05 1.859497000000000000e+06 2.468594000000000000e+06 -1.879961000000000000e+06 -4.453970000000000000e+05 -2.562000000000000000e+03
6.777430000000000000e+05 5.983862000000000000e+06 2.034150000000000000e+06 -2.008356000000000000e+06 -9.900740000000000000e+05 4.435630000000000000e+05 -3.769370000000000000e+05 2.653464000000000000e+06 -6.671710000000000000e+05 1.051320000000000000e+05 -1.629752000000000000e+06 1.150953000000000000e+06 -6.272530000000000000e+05 -2.647088000000000000e+06 9.256570000000000000e+05 1.363890000000000000e+05 4.634814000000000000e+06 1.560705000000000000e+06 -2.576780000000000000e+05 1.383748000000000000e+06
-4.326720000000000000e+05 2.034150000000000000e+06 7.116751000000000000e+06 -9.259510000000000000e+05 2.919420000000000000e+05 -1.133115000000000000e+06 2.615423000000000000e+06 2.431691000000000000e+06 -9.073220000000000000e+05 1.375029000000000000e+06 -2.352604000000000000e+06 -1.230465000000000000e+06 7.603560000000000000e+05 -5.994710000000000000e+05 8.398290000000000000e+05 2.308950000000000000e+05 1.208567000000000000e+06 8.227720000000000000e+05 2.709918000000000000e+06 1.671570000000000000e+05
2.494663000000000000e+06 -2.008356000000000000e+06 -9.259510000000000000e+05 5.283065000000000000e+06 1.249337000000000000e+06 1.030250000000000000e+05 -1.186618000000000000e+06 -6.496610000000000000e+05 1.832342000000000000e+06 -1.278394000000000000e+06 1.623651000000000000e+06 -6.643220000000000000e+05 -2.110865000000000000e+06 2.124617000000000000e+06 -1.176463000000000000e+06 3.633740000000000000e+05 -2.640190000000000000e+05 -9.903400000000000000e+05 -7.735590000000000000e+05 -7.026210000000000000e+05
9.017730000000000000e+05 -9.900740000000000000e+05 2.919420000000000000e+05 1.249337000000000000e+06 6.599987000000000000e+06 -2.403225000000000000e+06 8.698290000000000000e+05 1.258830000000000000e+05 6.564260000000000000e+05 1.077826000000000000e+06 -9.188440000000000000e+05 1.145067000000000000e+06 3.028020000000000000e+05 -1.046416000000000000e+06 4.986180000000000000e+05 4.630000000000000000e+04 -1.653023000000000000e+06 -1.739805000000000000e+06 3.658786000000000000e+06 1.723570000000000000e+06
-1.757861000000000000e+06 4.435630000000000000e+05 -1.133115000000000000e+06 1.030250000000000000e+05 -2.403225000000000000e+06 6.433502000000000000e+06 -1.522805000000000000e+06 -4.018100000000000000e+04 5.606800000000000000e+04 -4.270240000000000000e+05 6.884850000000000000e+05 1.073629000000000000e+06 -1.110542000000000000e+06 -9.302300000000000000e+04 -1.827336000000000000e+06 -2.499210000000000000e+05 8.282190000000000000e+05 5.116830000000000000e+05 -5.233900000000000000e+05 1.505561000000000000e+06
4.054860000000000000e+05 -3.769370000000000000e+05 2.615423000000000000e+06 -1.186618000000000000e+06 8.698290000000000000e+05 -1.522805000000000000e+06 4.754746000000000000e+06 8.759390000000000000e+05 4.508400000000000000e+04 2.787949000000000000e+06 4.329720000000000000e+05 -2.794610000000000000e+05 1.539173000000000000e+06 6.359090000000000000e+05 -8.816750000000000000e+05 5.474710000000000000e+05 5.037580000000000000e+05 -2.056835000000000000e+06 2.476388000000000000e+06 -6.942240000000000000e+05
-8.076180000000000000e+05 2.653464000000000000e+06 2.431691000000000000e+06 -6.496610000000000000e+05 1.258830000000000000e+05 -4.018100000000000000e+04 8.759390000000000000e+05 7.568426000000000000e+06 1.072666000000000000e+06 -1.780844000000000000e+06 -1.631365000000000000e+06 3.318768000000000000e+06 -2.426404000000000000e+06 6.055190000000000000e+05 -4.630180000000000000e+05 -2.796365000000000000e+06 8.850510000000000000e+05 2.039720000000000000e+06 -1.021604000000000000e+06 -1.386118000000000000e+06
9.404160000000000000e+05 -6.671710000000000000e+05 -9.073220000000000000e+05 1.832342000000000000e+06 6.564260000000000000e+05 5.606800000000000000e+04 4.508400000000000000e+04 1.072666000000000000e+06 5.845474000000000000e+06 -5.050730000000000000e+05 1.992100000000000000e+04 1.980183000000000000e+06 8.333310000000000000e+05 4.344770000000000000e+05 5.153170000000000000e+05 -1.719799000000000000e+06 -3.476660000000000000e+05 -2.464294000000000000e+06 3.229300000000000000e+04 2.928100000000000000e+05
-4.994600000000000000e+04 1.051320000000000000e+05 1.375029000000000000e+06 -1.278394000000000000e+06 1.077826000000000000e+06 -4.270240000000000000e+05 2.787949000000000000e+06 -1.780844000000000000e+06 -5.050730000000000000e+05 7.084761000000000000e+06 -8.097980000000000000e+05 -1.367873000000000000e+06 8.547580000000000000e+05 -6.380930000000000000e+05 5.983920000000000000e+05 2.468474000000000000e+06 1.096200000000000000e+05 -1.932242000000000000e+06 1.229870000000000000e+06 1.091698000000000000e+06
3.039601000000000000e+06 -1.629752000000000000e+06 -2.352604000000000000e+06 1.623651000000000000e+06 -9.188440000000000000e+05 6.884850000000000000e+05 4.329720000000000000e+05 -1.631365000000000000e+06 1.992100000000000000e+04 -8.097980000000000000e+05 4.881135000000000000e+06 -1.788964000000000000e+06 4.041530000000000000e+05 1.530285000000000000e+06 -2.098194000000000000e+06 1.232063000000000000e+06 1.108200000000000000e+05 -1.588495000000000000e+06 -5.574550000000000000e+05 -1.666717000000000000e+06
-2.570095000000000000e+06 1.150953000000000000e+06 -1.230465000000000000e+06 -6.643220000000000000e+05 1.145067000000000000e+06 1.073629000000000000e+06 -2.794610000000000000e+05 3.318768000000000000e+06 1.980183000000000000e+06 -1.367873000000000000e+06 -1.788964000000000000e+06 6.240658000000000000e+06 -1.499367000000000000e+06 -2.242108000000000000e+06 -3.247350000000000000e+05 -1.986274000000000000e+06 -5.446580000000000000e+05 1.914500000000000000e+05 -6.684270000000000000e+05 4.133300000000000000e+05
5.192520000000000000e+05 -6.272530000000000000e+05 7.603560000000000000e+05 -2.110865000000000000e+06 3.028020000000000000e+05 -1.110542000000000000e+06 1.539173000000000000e+06 -2.426404000000000000e+06 8.333310000000000000e+05 8.547580000000000000e+05 4.041530000000000000e+05 -1.499367000000000000e+06 7.968507000000000000e+06 -3.781925000000000000e+06 1.596242000000000000e+06 6.380650000000000000e+05 -9.532820000000000000e+05 -1.064101000000000000e+06 1.753356000000000000e+06 1.135573000000000000e+06
5.553050000000000000e+05 -2.647088000000000000e+06 -5.994710000000000000e+05 2.124617000000000000e+06 -1.046416000000000000e+06 -9.302300000000000000e+04 6.359090000000000000e+05 6.055190000000000000e+05 4.344770000000000000e+05 -6.380930000000000000e+05 1.530285000000000000e+06 -2.242108000000000000e+06 -3.781925000000000000e+06 6.921153000000000000e+06 -1.184250000000000000e+06 -2.809600000000000000e+05 -1.596530000000000000e+05 -6.493140000000000000e+05 -5.755470000000000000e+05 -2.413785000000000000e+06
-6.006140000000000000e+05 9.256570000000000000e+05 8.398290000000000000e+05 -1.176463000000000000e+06 4.986180000000000000e+05 -1.827336000000000000e+06 -8.816750000000000000e+05 -4.630180000000000000e+05 5.153170000000000000e+05 5.983920000000000000e+05 -2.098194000000000000e+06 -3.247350000000000000e+05 1.596242000000000000e+06 -1.184250000000000000e+06 4.604196000000000000e+06 3.332300000000000000e+04 -5.028560000000000000e+05 2.043454000000000000e+06 2.908210000000000000e+05 -7.436480000000000000e+05
1.859497000000000000e+06 1.363890000000000000e+05 2.308950000000000000e+05 3.633740000000000000e+05 4.630000000000000000e+04 -2.499210000000000000e+05 5.474710000000000000e+05 -2.796365000000000000e+06 -1.719799000000000000e+06 2.468474000000000000e+06 1.232063000000000000e+06 -1.986274000000000000e+06 6.380650000000000000e+05 -2.809600000000000000e+05 3.332300000000000000e+04 6.243219000000000000e+06 5.837700000000000000e+05 -9.234140000000000000e+05 -3.257470000000000000e+05 2.694108000000000000e+06
2.468594000000000000e+06 4.634814000000000000e+06 1.208567000000000000e+06 -2.640190000000000000e+05 -1.653023000000000000e+06 8.282190000000000000e+05 5.037580000000000000e+05 8.850510000000000000e+05 -3.476660000000000000e+05 1.096200000000000000e+05 1.108200000000000000e+05 -5.446580000000000000e+05 -9.532820000000000000e+05 -1.596530000000000000e+05 -5.028560000000000000e+05 5.837700000000000000e+05 7.880355000000000000e+06 -1.408740000000000000e+05 1.481430000000000000e+05 2.353765000000000000e+06
-1.879961000000000000e+06 1.560705000000000000e+06 8.227720000000000000e+05 -9.903400000000000000e+05 -1.739805000000000000e+06 5.116830000000000000e+05 -2.056835000000000000e+06 2.039720000000000000e+06 -2.464294000000000000e+06 -1.932242000000000000e+06 -1.588495000000000000e+06 1.914500000000000000e+05 -1.064101000000000000e+06 -6.493140000000000000e+05 2.043454000000000000e+06 -9.234140000000000000e+05 -1.408740000000000000e+05 5.225288000000000000e+06 -2.284677000000000000e+06 -1.188702000000000000e+06
-4.453970000000000000e+05 -2.576780000000000000e+05 2.709918000000000000e+06 -7.735590000000000000e+05 3.658786000000000000e+06 -5.233900000000000000e+05 2.476388000000000000e+06 -1.021604000000000000e+06 3.229300000000000000e+04 1.229870000000000000e+06 -5.574550000000000000e+05 -6.684270000000000000e+05 1.753356000000000000e+06 -5.755470000000000000e+05 2.908210000000000000e+05 -3.257470000000000000e+05 1.481430000000000000e+05 -2.284677000000000000e+06 6.370943000000000000e+06 1.360741000000000000e+06
-2.562000000000000000e+03 1.383748000000000000e+06 1.671570000000000000e+05 -7.026210000000000000e+05 1.723570000000000000e+06 1.505561000000000000e+06 -6.942240000000000000e+05 -1.386118000000000000e+06 2.928100000000000000e+05 1.091698000000000000e+06 -1.666717000000000000e+06 4.133300000000000000e+05 1.135573000000000000e+06 -2.413785000000000000e+06 -7.436480000000000000e+05 2.694108000000000000e+06 2.353765000000000000e+06 -1.188702000000000000e+06 1.360741000000000000e+06 8.400461000000000000e+06
