4.313727000000000000e+06 6.761910000000000000e+05 1.026970000000000000e+06 -6.297690000000000000e+05 -6.700550000000000000e+05 -1.455867000000000000e+06 -1.032533000000000000e+06 1.300721000000000000e+06 -8.170340000000000000e+05 4.603900000000000000e+04 -2.513320000000000000e+05 1.083244000000000000e+06 -1.011229000000000000e+06 -1.306654000000000000e+06 -1.381678000000000000e+06 1.124722000000000000e+06 -8.414110000000000000e+05 -6.621920000000000000e+05 2.092269000000000000e+06 -1.663708000000000000e+06
6.761910000000000000e+05 6.912520000000000000e+06 2.525890000000000000e+05 -1.054800000000000000e+05 8.659160000000000000e+05 1.474245000000000000e+06 -1.067110000000000000e+05 -1.636503000000000000e+06 -1.181131000000000000e+06 -3.810090000000000000e+05 -1.263382000000000000e+06 3.283651000000000000e+06 -5.364100000000000000e+05 -1.924600000000000000e+06 -2.004334000000000000e+06 8.287910000000000000e+05 -1.471575000000000000e+06 -6.802290000000000000e+05 2.452559000000000000e+06 -2.319410000000000000e+05
1.026970000000000000e+06 2.525890000000000000e+05 3.621792000000000000e+06 -1.279839000000000000e+06 5.282900000000000000e+05 -1.308555000000000000e+06 -1.857599000000000000e+06 6.755230000000000000e+05 -2.195185000000000000e+06 1.306340000000000000e+06 -2.070150000000000000e+05 1.623550000000000000e+05 6.244360000000000000e+05 -5.071290000000000000e+05 -2.037865000000000000e+06 3.260280000000000000e+05 -3.768050000000000000e+05 -8.335050000000000000e+05 2.247493000000000000e+06 -1.810999000000000000e+06
-6.297690000000000000e+05 -1.054800000000000000e+05 -1.279839000000000000e+06 6.706331000000000000e+06 -2.037260000000000000e+05 7.236350000000000000e+05 -3.790050000000000000e+05 1.345125000000000000e+06 4.182623000000000000e+06 1.344780000000000000e+05 4.645480000000000000e+05 -3.304970000000000000e+05 -1.277230000000000000e+06 1.291275000000000000e+06 -1.344948000000000000e+06 -1.522063000000000000e+06 9.197540000000000000e+05 1.476305000000000000e+06 -2.553475000000000000e+06 -4.756770000000000000e+05
-6.700550000000000000e+05 8.659160000000000000e+05 5.282900000000000000e+05 -2.037260000000000000e+05 7.414827000000000000e+06 -1.867511000000000000e+06 -4.488450000000000000e+05 -4.166290000000000000e+06 1.711880000000000000e+05 3.576150000000000000e+05 1.348799000000000000e+06 1.246345000000000000e+06 -9.826510000000000000e+05 -1.469282000000000000e+06 -3.345710000000000000e+05 4.548747000000000000e+06 -1.615044000000000000e+06 -3.081000000000000000e+04 -1.867950000000000000e+05 8.485790000000000000e+05
-1.455867000000000000e+06 1.474245000000000000e+06 -1.308555000000000000e+06 7.236350000000000000e+05 -1.867511000000000000e+06 8.789173000000000000e+06 1.262150000000000000e+06 -8.807100000000000000e+04 -1.032946000000000000e+06 -1.333017000000000000e+06 -1.482965000000000000e+06 3.706460000000000000e+05 1.048539000000000000e+06 1.161473000000000000e+06 1.782480000000000000e+06 -1.234849000000000000e+06 -1.039249000000000000e+06 -3.051583000000000000e+06 -1.448309000000000000e+06 2.207127000000000000e+06
-1.032533000000000000e+06 -1.067110000000000000e+05 -1.857599000000000000e+06 -3.790050000000000000e+05 -4.488450000000000000e+05 1.262150000000000000e+06 4.992730000000000000e+06 -1.332542000000000000e+06 -2.617880000000000000e+05 1.648200000000000000e+05 8.691680000000000000e+05 -9.073020000000000000e+05 2.833850000000000000e+05 2.277585000000000000e+06 8.210840000000000000e+05 -1.874239000000000000e+06 -9.212500000000000000e+04 -4.507340000000000000e+05 -1.616072000000000000e+06 -1.005568000000000000e+06
1.300721000000000000e+06 -1.636503000000000000e+06 6.755230000000000000e+05 1.345125000000000000e+06 -4.166290000000000000e+06 -8.807100000000000000e+04 -1.332542000000000000e+06 8.208986000000000000e+06 1.325723000000000000e+06 1.189843000000000000e+06 1.005367000000000000e+06 -1.557195000000000000e+06 5.841380000000000000e+05 1.808063000000000000e+06 -6.473720000000000000e+05 -2.450921000000000000e+06 -1.002971000000000000e+06 2.205993000000000000e+06 3.272490000000000000e+05 -1.395988000000000000e+06
-8.170340000000000000e+05 -1.181131000000000000e+06 -2.195185000000000000e+06 4.182623000000000000e+06 1.711880000000000000e+05 -1.032946000000000000e+06 -2.617880000000000000e+05 1.325723000000000000e+06 5.926913000000000000e+06 -1.064823000000000000e+06 1.603670000000000000e+06 -1.113256000000000000e+06 -3.112007000000000000e+06 2.533323000000000000e+06 3.839740000000000000e+05 -1.375965000000000000e+06 -7.225400000000000000e+04 8.131170000000000000e+05 -1.239771000000000000e+06 -1.507530000000000000e+05
4.603900000000000000e+04 -3.810090000000000000e+05 1.306340000000000000e+06 1.344780000000000000e+05 3.576150000000000000e+05 -1.333017000000000000e+06 1.648200000000000000e+05 1.189843000000000000e+06 -1.064823000000000000e+06 7.162644000000000000e+06 -1.280780000000000000e+05 -3.655900000000000000e+04 8.094290000000000000e+05 1.920320000000000000e+06 -2.172985000000000000e+06 -2.191643000000000000e+06 1.357053000000000000e+06 1.354589000000000000e+06 -2.631230000000000000e+05 -2.458507000000000000e+06
-2.513320000000000000e+05 -1.263382000000000000e+06 -2.070150000000000000e+05 4.645480000000000000e+05 1.348799000000000000e+06 -1.482965000000000000e+06 8.691680000000000000e+05 1.005367000000000000e+06 1.603670000000000000e+06 -1.280780000000000000e+05 5.198972000000000000e+06 -7.752840000000000000e+05 2.605400000000000000e+05 1.560222000000000000e+06 -1.199717000000000000e+06 4.865120000000000000e+05 -2.465539000000000000e+06 2.828030000000000000e+05 -1.336640000000000000e+06 -2.640260000000000000e+05
1.083244000000000000e+06 3.283651000000000000e+06 1.623550000000000000e+05 -3.304970000000000000e+05 1.246345000000000000e+06 3.706460000000000000e+05 -9.073020000000000000e+05 -1.557195000000000000e+06 -1.113256000000000000e+06 -3.655900000000000000e+04 -7.752840000000000000e+05 5.759277000000000000e+06 -6.868920000000000000e+05 -2.358396000000000000e+06 -9.891300000000000000e+05 2.817801000000000000e+06 -1.711801000000000000e+06 -1.921505000000000000e+06 1.689766000000000000e+06 -1.377943000000000000e+06
-1.011229000000000000e+06 -5.364100000000000000e+05 6.244360000000000000e+05 -1.277230000000000000e+06 -9.826510000000000000e+05 1.048539000000000000e+06 2.833850000000000000e+05 5.841380000000000000e+05 -3.112007000000000000e+06 8.094290000000000000e+05 2.605400000000000000e+05 -6.868920000000000000e+05 6.447881000000000000e+06 -5.158040000000000000e+05 -8.287740000000000000e+05 1.263888000000000000e+06 -1.190580000000000000e+05 -2.726540000000000000e+05 -2.390187000000000000e+06 1.556510000000000000e+06
-1.306654000000000000e+06 -1.924600000000000000e+06 -5.071290000000000000e+05 1.291275000000000000e+06 -1.469282000000000000e+06 1.161473000000000000e+06 2.277585000000000000e+06 1.808063000000000000e+06 2.533323000000000000e+06 1.920320000000000000e+06 1.560222000000000000e+06 -2.358396000000000000e+06 -5.158040000000000000e+05 7.040538000000000000e+06 -4.948960000000000000e+05 -3.646290000000000000e+06 5.922750000000000000e+05 -1.135943000000000000e+06 -1.736334000000000000e+06 -2.752496000000000000e+06
-1.381678000000000000e+06 -2.004334000000000000e+06 -2.037865000000000000e+06 -1.344948000000000000e+06 -3.345710000000000000e+05 1.782480000000000000e+06 8.210840000000000000e+05 -6.473720000000000000e+05 3.839740000000000000e+05 -2.172985000000000000e+06 -1.199717000000000000e+06 -9.891300000000000000e+05 -8.287740000000000000e+05 -4.948960000000000000e+05 5.291286000000000000e+06 4.761000000000000000e+04 3.776880000000000000e+05 -1.510760000000000000e+05 -8.334400000000000000e+04 1.868062000000000000e+06
1.124722000000000000e+06 8.287910000000000000e+05 3.260280000000000000e+05 -1.522063000000000000e+06 4.548747000000000000e+06 -1.234849000000000000e+06 -1.874239000000000000e+06 -2.450921000000000000e+06 -1.375965000000000000e+06 -2.191643000000000000e+06 4.865120000000000000e+05 2.817801000000000000e+06 1.263888000000000000e+06 -3.646290000000000000e+06 4.761000000000000000e+04 8.089868000000000000e+06 -1.958608000000000000e+06 -1.985151000000000000e+06 1.134870000000000000e+05 1.109349000000000000e+06
-8.414110000000000000e+05 -1.471575000000000000e+06 -3.768050000000000000e+05 9.197540000000000000e+05 -1.615044000000000000e+06 -1.039249000000000000e+06 -9.212500000000000000e+04 -1.002971000000000000e+06 -7.225400000000000000e+04 1.357053000000000000e+06 -2.465539000000000000e+06 -1.711801000000000000e+06 -1.190580000000000000e+05 5.922750000000000000e+05 3.776880000000000000e+05 -1.958608000000000000e+06 6.077931000000000000e+06 2.165472000000000000e+06 -7.517000000000000000e+05 -9.309080000000000000e+05
-6.621920000000000000e+05 -6.802290000000000000e+05 -8.335050000000000000e+05 1.476305000000000000e+06 -3.081000000000000000e+04 -3.051583000000000000e+06 -4.507340000000000000e+05 2.205993000000000000e+06 8.131170000000000000e+05 1.354589000000000000e+06 2.828030000000000000e+05 -1.921505000000000000e+06 -2.726540000000000000e+05 -1.135943000000000000e+06 -1.510760000000000000e+05 -1.985151000000000000e+06 2.165472000000000000e+06 7.083911000000000000e+06 -1.472686000000000000e+06 6.779730000000000000e+05
2.092269000000000000e+06 2.452559000000000000e+06 2.247493000000000000e+06 -2.553475000000000000e+06 -1.867950000000000000e+05 -1.448309000000000000e+06 -1.616072000000000000e+06 3.272490000000000000e+05 -1.239771000000000000e+06 -2.631230000000000000e+05 -1.336640000000000000e+06 1.689766000000000000e+06 -2.390187000000000000e+06 -1.736334000000000000e+06 -8.334400000000000000e+04 1.134870000000000000e+05 -7.517000000000000000e+05 -1.472686000000000000e+06 7.591856000000000000e+06 -1.890272000000000000e+06
-1.663708000000000000e+06 -2.319410000000000000e+05 -1.810999000000000000e+06 -4.756770000000000000e+05 8.485790000000000000e+05 2.207127000000000000e+06 -1.005568000000000000e+06 -1.395988000000000000e+06 -1.507530000000000000e+05 -2.458507000000000000e+06 -2.640260000000000000e+05 -1.377943000000000000e+06 1.556510000000000000e+06 -2.752496000000000000e+06 1.868062000000000000e+06 1.109349000000000000e+06 -9.309080000000000000e+05 6.779730000000000000e+05 -1.890272000000000000e+06 8.424616000000000000e+06
