6.130243000000000000e+06 -6.473980000000000000e+05 1.550010000000000000e+05 2.300220000000000000e+05 8.052320000000000000e+05 1.813076000000000000e+06 -1.728663000000000000e+06 8.402000000000000000e+04 -9.247710000000000000e+05 -8.465330000000000000e+05 1.930530000000000000e+05 3.709851000000000000e+06 1.290201000000000000e+06 -2.915570000000000000e+05 2.109431000000000000e+06 2.614000000000000000e+04 -7.074790000000000000e+05 -3.807910000000000000e+05 1.716457000000000000e+06 -4.665320000000000000e+05
-6.473980000000000000e+05 6.500196000000000000e+06 -1.951277000000000000e+06 -1.262298000000000000e+06 4.691420000000000000e+05 -2.519040000000000000e+05 2.417200000000000000e+04 1.423668000000000000e+06 -1.623777000000000000e+06 -2.306157000000000000e+06 -1.641112000000000000e+06 9.062570000000000000e+05 -1.398940000000000000e+05 -4.130500000000000000e+05 -2.744590000000000000e+05 3.297500000000000000e+05 2.134752000000000000e+06 2.289350000000000000e+05 -7.034800000000000000e+04 -3.069442000000000000e+06
1.550010000000000000e+05 -1.951277000000000000e+06 7.644760000000000000e+06 -1.958384000000000000e+06 -5.703600000000000000e+05 -3.999380000000000000e+05 -8.916370000000000000e+05 -4.064905000000000000e+06 -1.386971000000000000e+06 1.703450000000000000e+05 -5.975000000000000000e+04 -2.684700000000000000e+05 -2.247617000000000000e+06 1.959780000000000000e+05 -6.015210000000000000e+05 -4.391051000000000000e+06 8.019520000000000000e+05 -8.251850000000000000e+05 -2.001686000000000000e+06 1.630748000000000000e+06
2.300220000000000000e+05 -1.262298000000000000e+06 -1.958384000000000000e+06 7.998426000000000000e+06 -1.375255000000000000e+06 -1.823114000000000000e+06 3.534312000000000000e+06 4.250820000000000000e+05 3.210958000000000000e+06 -5.023810000000000000e+05 2.577075000000000000e+06 -2.001421000000000000e+06 1.199380000000000000e+06 -2.144800000000000000e+04 2.302758000000000000e+06 1.840483000000000000e+06 -1.876200000000000000e+06 7.720740000000000000e+05 1.736930000000000000e+05 -2.140340000000000000e+05
8.052320000000000000e+05 4.691420000000000000e+05 -5.703600000000000000e+05 -1.375255000000000000e+06 8.990634000000000000e+06 3.024556000000000000e+06 -1.777142000000000000e+06 -1.600706000000000000e+06 -1.722372000000000000e+06 -2.290883000000000000e+06 -1.998469000000000000e+06 -5.621080000000000000e+05 2.921292000000000000e+06 -2.435122000000000000e+06 -3.044409000000000000e+06 1.306999000000000000e+06 5.984000000000000000e+04 1.475297000000000000e+06 -8.873550000000000000e+05 -7.957050000000000000e+05
1.813076000000000000e+06 -2.519040000000000000e+05 -3.999380000000000000e+05 -1.823114000000000000e+06 3.024556000000000000e+06 6.685940000000000000e+06 -2.316946000000000000e+06 -5.504890000000000000e+05 -1.543004000000000000e+06 -4.886960000000000000e+05 -1.293101000000000000e+06 4.426690000000000000e+05 1.160753000000000000e+06 1.649648000000000000e+06 1.165031000000000000e+06 1.373269000000000000e+06 -5.555950000000000000e+05 4.833850000000000000e+05 3.213880000000000000e+05 -4.827800000000000000e+05
-1.728663000000000000e+06 2.417200000000000000e+04 -8.916370000000000000e+05 3.534312000000000000e+06 -1.777142000000000000e+06 -2.316946000000000000e+06 8.009349000000000000e+06 -1.662832000000000000e+06 3.721733000000000000e+06 2.031800000000000000e+06 3.593873000000000000e+06 -4.438400000000000000e+05 -1.500182000000000000e+06 -5.982500000000000000e+04 4.316920000000000000e+05 -6.605400000000000000e+04 -1.804670000000000000e+06 3.217510000000000000e+05 -3.418114000000000000e+06 -6.609300000000000000e+05
8.402000000000000000e+04 1.423668000000000000e+06 -4.064905000000000000e+06 4.250820000000000000e+05 -1.600706000000000000e+06 -5.504890000000000000e+05 -1.662832000000000000e+06 7.909433000000000000e+06 -1.459485000000000000e+06 -1.951520000000000000e+05 7.881860000000000000e+05 1.420755000000000000e+06 -2.504210000000000000e+05 1.166466000000000000e+06 -6.235420000000000000e+05 1.769505000000000000e+06 2.354907000000000000e+06 1.339622000000000000e+06 1.123222000000000000e+06 8.117300000000000000e+05
-9.247710000000000000e+05 -1.623777000000000000e+06 -1.386971000000000000e+06 3.210958000000000000e+06 -1.722372000000000000e+06 -1.543004000000000000e+06 3.721733000000000000e+06 -1.459485000000000000e+06 7.517688000000000000e+06 1.486178000000000000e+06 1.286338000000000000e+06 -6.445410000000000000e+05 5.801400000000000000e+04 -1.343825000000000000e+06 -3.599270000000000000e+05 -7.902150000000000000e+05 -2.781336000000000000e+06 -2.389481000000000000e+06 -6.420290000000000000e+05 7.500170000000000000e+05
-8.465330000000000000e+05 -2.306157000000000000e+06 1.703450000000000000e+05 -5.023810000000000000e+05 -2.290883000000000000e+06 -4.886960000000000000e+05 2.031800000000000000e+06 -1.951520000000000000e+05 1.486178000000000000e+06 6.528743000000000000e+06 4.518000000000000000e+05 1.465358000000000000e+06 -2.207744000000000000e+06 8.427530000000000000e+05 2.488380000000000000e+05 1.371560000000000000e+05 -3.766710000000000000e+05 -2.940844000000000000e+06 1.068696000000000000e+06 2.132571000000000000e+06
1.930530000000000000e+05 -1.641112000000000000e+06 -5.975000000000000000e+04 2.577075000000000000e+06 -1.998469000000000000e+06 -1.293101000000000000e+06 3.593873000000000000e+06 7.881860000000000000e+05 1.286338000000000000e+06 4.518000000000000000e+05 6.727725000000000000e+06 -5.487060000000000000e+05 -8.230760000000000000e+05 5.136970000000000000e+05 -1.692961000000000000e+06 8.387020000000000000e+05 -2.883746000000000000e+06 -4.041680000000000000e+05 -3.422147000000000000e+06 2.879508000000000000e+06
3.709851000000000000e+06 9.062570000000000000e+05 -2.684700000000000000e+05 -2.001421000000000000e+06 -5.621080000000000000e+05 4.426690000000000000e+05 -4.438400000000000000e+05 1.420755000000000000e+06 -6.445410000000000000e+05 1.465358000000000000e+06 -5.487060000000000000e+05 8.043459000000000000e+06 -1.486482000000000000e+06 -1.257955000000000000e+06 7.203830000000000000e+05 -4.380880000000000000e+05 1.366676000000000000e+06 -2.903169000000000000e+06 2.191626000000000000e+06 -1.951340000000000000e+05
1.290201000000000000e+06 -1.398940000000000000e+05 -2.247617000000000000e+06 1.199380000000000000e+06 2.921292000000000000e+06 1.160753000000000000e+06 -1.500182000000000000e+06 -2.504210000000000000e+05 5.801400000000000000e+04 -2.207744000000000000e+06 -8.230760000000000000e+05 -1.486482000000000000e+06 7.515376000000000000e+06 -1.543980000000000000e+05 2.361240000000000000e+05 4.609570000000000000e+06 -3.473815000000000000e+06 1.692120000000000000e+05 1.153418000000000000e+06 -9.784090000000000000e+05
-2.915570000000000000e+05 -4.130500000000000000e+05 1.959780000000000000e+05 -2.144800000000000000e+04 -2.435122000000000000e+06 1.649648000000000000e+06 -5.982500000000000000e+04 1.166466000000000000e+06 -1.343825000000000000e+06 8.427530000000000000e+05 5.136970000000000000e+05 -1.257955000000000000e+06 -1.543980000000000000e+05 7.834215000000000000e+06 2.997886000000000000e+06 -1.001522000000000000e+06 -1.072478000000000000e+06 -4.363160000000000000e+05 3.999110000000000000e+05 -1.679932000000000000e+06
2.109431000000000000e+06 -2.744590000000000000e+05 -6.015210000000000000e+05 2.302758000000000000e+06 -3.044409000000000000e+06 1.165031000000000000e+06 4.316920000000000000e+05 -6.235420000000000000e+05 -3.599270000000000000e+05 2.488380000000000000e+05 -1.692961000000000000e+06 7.203830000000000000e+05 2.361240000000000000e+05 2.997886000000000000e+06 7.783100000000000000e+06 2.411000000000000000e+03 4.507630000000000000e+05 1.438240000000000000e+06 2.756924000000000000e+06 -2.962024000000000000e+06
2.614000000000000000e+04 3.297500000000000000e+05 -4.391051000000000000e+06 1.840483000000000000e+06 1.306999000000000000e+06 1.373269000000000000e+06 -6.605400000000000000e+04 1.769505000000000000e+06 -7.902150000000000000e+05 1.371560000000000000e+05 8.387020000000000000e+05 -4.380880000000000000e+05 4.609570000000000000e+06 -1.001522000000000000e+06 2.411000000000000000e+03 8.327491000000000000e+06 -1.874424000000000000e+06 -4.393790000000000000e+05 1.816604000000000000e+06 -1.772760000000000000e+05
-7.074790000000000000e+05 2.134752000000000000e+06 8.019520000000000000e+05 -1.876200000000000000e+06 5.984000000000000000e+04 -5.555950000000000000e+05 -1.804670000000000000e+06 2.354907000000000000e+06 -2.781336000000000000e+06 -3.766710000000000000e+05 -2.883746000000000000e+06 1.366676000000000000e+06 -3.473815000000000000e+06 -1.072478000000000000e+06 4.507630000000000000e+05 -1.874424000000000000e+06 5.756402000000000000e+06 1.839775000000000000e+06 6.739050000000000000e+05 -6.035070000000000000e+05
-3.807910000000000000e+05 2.289350000000000000e+05 -8.251850000000000000e+05 7.720740000000000000e+05 1.475297000000000000e+06 4.833850000000000000e+05 3.217510000000000000e+05 1.339622000000000000e+06 -2.389481000000000000e+06 -2.940844000000000000e+06 -4.041680000000000000e+05 -2.903169000000000000e+06 1.692120000000000000e+05 -4.363160000000000000e+05 1.438240000000000000e+06 -4.393790000000000000e+05 1.839775000000000000e+06 6.887321000000000000e+06 -1.548670000000000000e+06 -1.633514000000000000e+06
1.716457000000000000e+06 -7.034800000000000000e+04 -2.001686000000000000e+06 1.736930000000000000e+05 -8.873550000000000000e+05 3.213880000000000000e+05 -3.418114000000000000e+06 1.123222000000000000e+06 -6.420290000000000000e+05 1.068696000000000000e+06 -3.422147000000000000e+06 2.191626000000000000e+06 1.153418000000000000e+06 3.999110000000000000e+05 2.756924000000000000e+06 1.816604000000000000e+06 6.739050000000000000e+05 -1.548670000000000000e+06 5.639020000000000000e+06 -1.555363000000000000e+06
-4.665320000000000000e+05 -3.069442000000000000e+06 1.630748000000000000e+06 -2.140340000000000000e+05 -7.957050000000000000e+05 -4.827800000000000000e+05 -6.609300000000000000e+05 8.117300000000000000e+05 7.500170000000000000e+05 2.132571000000000000e+06 2.879508000000000000e+06 -1.951340000000000000e+05 -9.784090000000000000e+05 -1.679932000000000000e+06 -2.962024000000000000e+06 -1.772760000000000000e+05 -6.035070000000000000e+05 -1.633514000000000000e+06 -1.555363000000000000e+06 5.400154000000000000e+06
