5.004422000000000000e+06 -6.562130000000000000e+05 2.104668000000000000e+06 2.872830000000000000e+05 -5.578570000000000000e+05 -5.787300000000000000e+05 1.930188000000000000e+06 -8.193100000000000000e+05 8.236640000000000000e+05 5.101630000000000000e+05 2.256990000000000000e+05 3.964470000000000000e+05 2.287521000000000000e+06 -3.744980000000000000e+05 -2.988200000000000000e+04 -9.634810000000000000e+05 1.254353000000000000e+06 5.046460000000000000e+05 -2.359640000000000000e+05 9.313000000000000000e+03
-6.562130000000000000e+05 5.231062000000000000e+06 1.113732000000000000e+06 -1.084857000000000000e+06 -1.324993000000000000e+06 -4.091980000000000000e+05 -3.441810000000000000e+05 1.903825000000000000e+06 1.129220000000000000e+05 -7.729490000000000000e+05 1.628759000000000000e+06 1.615728000000000000e+06 1.280158000000000000e+06 1.725701000000000000e+06 -8.484630000000000000e+05 -1.048604000000000000e+06 9.440520000000000000e+05 -7.400300000000000000e+04 -5.864640000000000000e+05 -1.092150000000000000e+06
2.104668000000000000e+06 1.113732000000000000e+06 8.733403000000000000e+06 -9.723010000000000000e+05 -1.051655000000000000e+06 9.856460000000000000e+05 1.227067000000000000e+06 -1.946580000000000000e+05 2.097756000000000000e+06 -9.760990000000000000e+05 1.178257000000000000e+06 -1.451037000000000000e+06 2.157777000000000000e+06 -2.131940000000000000e+06 1.346779000000000000e+06 7.115590000000000000e+05 1.291067000000000000e+06 -2.885610000000000000e+05 -1.381597000000000000e+06 2.687200000000000000e+04
2.872830000000000000e+05 -1.084857000000000000e+06 -9.723010000000000000e+05 4.122335000000000000e+06 -5.213180000000000000e+05 -3.746500000000000000e+04 1.544280000000000000e+05 -2.548490000000000000e+05 -1.437240000000000000e+05 -5.404600000000000000e+04 -1.257039000000000000e+06 3.213620000000000000e+05 3.896100000000000000e+04 5.153490000000000000e+05 -5.058900000000000000e+04 -1.010601000000000000e+06 5.370480000000000000e+05 -1.011659000000000000e+06 -4.315540000000000000e+05 -4.658130000000000000e+05
-5.578570000000000000e+05 -1.324993000000000000e+06 -1.051655000000000000e+06 -5.213180000000000000e+05 7.156132000000000000e+06 1.871784000000000000e+06 2.685490000000000000e+05 9.697980000000000000e+05 1.219222000000000000e+06 -2.580350000000000000e+05 1.112134000000000000e+06 -1.471370000000000000e+06 -2.732332000000000000e+06 -2.123093000000000000e+06 7.095400000000000000e+04 1.304546000000000000e+06 -7.534810000000000000e+05 6.066750000000000000e+05 -2.365220000000000000e+05 2.277560000000000000e+05
-5.787300000000000000e+05 -4.091980000000000000e+05 9.856460000000000000e+05 -3.746500000000000000e+04 1.871784000000000000e+06 4.770247000000000000e+06 -2.064784000000000000e+06 -6.556920000000000000e+05 2.014923000000000000e+06 3.164246000000000000e+06 -3.566730000000000000e+06 6.938320000000000000e+05 -1.903163000000000000e+06 -3.607860000000000000e+05 -1.401220000000000000e+05 5.922460000000000000e+05 1.064278000000000000e+06 -9.030560000000000000e+05 -1.679293000000000000e+06 1.587639000000000000e+06
1.930188000000000000e+06 -3.441810000000000000e+05 1.227067000000000000e+06 1.544280000000000000e+05 2.685490000000000000e+05 -2.064784000000000000e+06 8.062290000000000000e+06 -1.531303000000000000e+06 -2.427387000000000000e+06 -2.945124000000000000e+06 2.730671000000000000e+06 -1.117537000000000000e+06 2.784144000000000000e+06 9.200380000000000000e+05 2.769450000000000000e+05 -2.579455000000000000e+06 -2.048443000000000000e+06 -9.355090000000000000e+05 7.028750000000000000e+05 -1.945845000000000000e+06
-8.193100000000000000e+05 1.903825000000000000e+06 -1.946580000000000000e+05 -2.548490000000000000e+05 9.697980000000000000e+05 -6.556920000000000000e+05 -1.531303000000000000e+06 4.667871000000000000e+06 1.569992000000000000e+06 -3.937110000000000000e+05 8.187930000000000000e+05 1.276550000000000000e+05 1.542646000000000000e+06 -1.008192000000000000e+06 -1.135566000000000000e+06 1.187513000000000000e+06 5.698100000000000000e+05 1.221804000000000000e+06 8.043020000000000000e+05 -1.440724000000000000e+06
8.236640000000000000e+05 1.129220000000000000e+05 2.097756000000000000e+06 -1.437240000000000000e+05 1.219222000000000000e+06 2.014923000000000000e+06 -2.427387000000000000e+06 1.569992000000000000e+06 7.208889000000000000e+06 -2.344300000000000000e+05 -1.028690000000000000e+05 -1.573294000000000000e+06 -2.137722000000000000e+06 -3.727220000000000000e+05 -7.530200000000000000e+04 5.506080000000000000e+05 2.376488000000000000e+06 1.706234000000000000e+06 -2.555146000000000000e+06 1.045722000000000000e+06
5.101630000000000000e+05 -7.729490000000000000e+05 -9.760990000000000000e+05 -5.404600000000000000e+04 -2.580350000000000000e+05 3.164246000000000000e+06 -2.945124000000000000e+06 -3.937110000000000000e+05 -2.344300000000000000e+05 9.580623000000000000e+06 -2.469425000000000000e+06 1.577667000000000000e+06 -5.105590000000000000e+05 1.133002000000000000e+06 -2.950358000000000000e+06 -1.649040000000000000e+06 -9.275170000000000000e+05 -4.986620000000000000e+05 -4.111980000000000000e+05 1.222984000000000000e+06
2.256990000000000000e+05 1.628759000000000000e+06 1.178257000000000000e+06 -1.257039000000000000e+06 1.112134000000000000e+06 -3.566730000000000000e+06 2.730671000000000000e+06 8.187930000000000000e+05 -1.028690000000000000e+05 -2.469425000000000000e+06 8.649256000000000000e+06 -1.129559000000000000e+06 6.991830000000000000e+05 1.033617000000000000e+06 1.720440000000000000e+05 -4.501470000000000000e+05 -1.119606000000000000e+06 1.719051000000000000e+06 -1.980580000000000000e+05 -1.660477000000000000e+06
3.964470000000000000e+05 1.615728000000000000e+06 -1.451037000000000000e+06 3.213620000000000000e+05 -1.471370000000000000e+06 6.938320000000000000e+05 -1.117537000000000000e+06 1.276550000000000000e+05 -1.573294000000000000e+06 1.577667000000000000e+06 -1.129559000000000000e+06 6.659395000000000000e+06 3.425560000000000000e+05 2.255394000000000000e+06 1.676590000000000000e+05 -2.273150000000000000e+05 2.909536000000000000e+06 -7.553580000000000000e+05 1.075881000000000000e+06 9.111400000000000000e+04
2.287521000000000000e+06 1.280158000000000000e+06 2.157777000000000000e+06 3.896100000000000000e+04 -2.732332000000000000e+06 -1.903163000000000000e+06 2.784144000000000000e+06 1.542646000000000000e+06 -2.137722000000000000e+06 -5.105590000000000000e+05 6.991830000000000000e+05 3.425560000000000000e+05 7.867046000000000000e+06 1.124750000000000000e+05 7.666160000000000000e+05 -6.533000000000000000e+03 -9.515500000000000000e+05 -3.241930000000000000e+05 2.266164000000000000e+06 -1.533867000000000000e+06
-3.744980000000000000e+05 1.725701000000000000e+06 -2.131940000000000000e+06 5.153490000000000000e+05 -2.123093000000000000e+06 -3.607860000000000000e+05 9.200380000000000000e+05 -1.008192000000000000e+06 -3.727220000000000000e+05 1.133002000000000000e+06 1.033617000000000000e+06 2.255394000000000000e+06 1.124750000000000000e+05 5.462611000000000000e+06 -5.143750000000000000e+05 -2.535538000000000000e+06 -4.871510000000000000e+05 6.500490000000000000e+05 -7.797010000000000000e+05 -1.807191000000000000e+06
-2.988200000000000000e+04 -8.484630000000000000e+05 1.346779000000000000e+06 -5.058900000000000000e+04 7.095400000000000000e+04 -1.401220000000000000e+05 2.769450000000000000e+05 -1.135566000000000000e+06 -7.530200000000000000e+04 -2.950358000000000000e+06 1.720440000000000000e+05 1.676590000000000000e+05 7.666160000000000000e+05 -5.143750000000000000e+05 6.375388000000000000e+06 2.659268000000000000e+06 1.282740000000000000e+06 4.983540000000000000e+05 1.601785000000000000e+06 1.883750000000000000e+06
-9.634810000000000000e+05 -1.048604000000000000e+06 7.115590000000000000e+05 -1.010601000000000000e+06 1.304546000000000000e+06 5.922460000000000000e+05 -2.579455000000000000e+06 1.187513000000000000e+06 5.506080000000000000e+05 -1.649040000000000000e+06 -4.501470000000000000e+05 -2.273150000000000000e+05 -6.533000000000000000e+03 -2.535538000000000000e+06 2.659268000000000000e+06 5.748190000000000000e+06 1.191133000000000000e+06 1.757950000000000000e+06 1.215737000000000000e+06 1.395552000000000000e+06
1.254353000000000000e+06 9.440520000000000000e+05 1.291067000000000000e+06 5.370480000000000000e+05 -7.534810000000000000e+05 1.064278000000000000e+06 -2.048443000000000000e+06 5.698100000000000000e+05 2.376488000000000000e+06 -9.275170000000000000e+05 -1.119606000000000000e+06 2.909536000000000000e+06 -9.515500000000000000e+05 -4.871510000000000000e+05 1.282740000000000000e+06 1.191133000000000000e+06 6.427689000000000000e+06 -5.095000000000000000e+05 -7.360410000000000000e+05 1.827464000000000000e+06
5.046460000000000000e+05 -7.400300000000000000e+04 -2.885610000000000000e+05 -1.011659000000000000e+06 6.066750000000000000e+05 -9.030560000000000000e+05 -9.355090000000000000e+05 1.221804000000000000e+06 1.706234000000000000e+06 -4.986620000000000000e+05 1.719051000000000000e+06 -7.553580000000000000e+05 -3.241930000000000000e+05 6.500490000000000000e+05 4.983540000000000000e+05 1.757950000000000000e+06 -5.095000000000000000e+05 4.512243000000000000e+06 -1.923040000000000000e+05 -2.520975000000000000e+06
-2.359640000000000000e+05 -5.864640000000000000e+05 -1.381597000000000000e+06 -4.315540000000000000e+05 -2.365220000000000000e+05 -1.679293000000000000e+06 7.028750000000000000e+05 8.043020000000000000e+05 -2.555146000000000000e+06 -4.111980000000000000e+05 -1.980580000000000000e+05 1.075881000000000000e+06 2.266164000000000000e+06 -7.797010000000000000e+05 1.601785000000000000e+06 1.215737000000000000e+06 -7.360410000000000000e+05 -1.923040000000000000e+05 4.220174000000000000e+06 3.229570000000000000e+05
9.313000000000000000e+03 -1.092150000000000000e+06 2.687200000000000000e+04 -4.658130000000000000e+05 2.277560000000000000e+05 1.587639000000000000e+06 -1.945845000000000000e+06 -1.440724000000000000e+06 1.045722000000000000e+06 1.222984000000000000e+06 -1.660477000000000000e+06 9.111400000000000000e+04 -1.533867000000000000e+06 -1.807191000000000000e+06 1.883750000000000000e+06 1.395552000000000000e+06 1.827464000000000000e+06 -2.520975000000000000e+06 3.229570000000000000e+05 6.076662000000000000e+06
