7.557645000000000000e+06 1.332189000000000000e+06 1.600793000000000000e+06 1.087400000000000000e+05 -2.952400000000000000e+05 -2.527803000000000000e+06 -9.056870000000000000e+05 1.846243000000000000e+06 1.285805000000000000e+06 1.048280000000000000e+05 2.253632000000000000e+06 8.487360000000000000e+05 -3.189280000000000000e+05 9.577990000000000000e+05 9.523240000000000000e+05 4.516580000000000000e+05 -8.743300000000000000e+05 1.962588000000000000e+06 2.225700000000000000e+05 -7.878200000000000000e+05
1.332189000000000000e+06 9.083581000000000000e+06 -1.061150000000000000e+06 -4.193490000000000000e+05 2.440589000000000000e+06 -1.964808000000000000e+06 5.055830000000000000e+05 1.165244000000000000e+06 3.509680000000000000e+05 2.849500000000000000e+05 3.012710000000000000e+05 -2.794380000000000000e+06 -3.327547000000000000e+06 1.885124000000000000e+06 8.696750000000000000e+05 -1.596477000000000000e+06 -1.911918000000000000e+06 3.588630000000000000e+05 -2.909231000000000000e+06 1.143997000000000000e+06
1.600793000000000000e+06 -1.061150000000000000e+06 7.468998000000000000e+06 -4.730830000000000000e+05 4.995320000000000000e+05 -1.079341000000000000e+06 -7.265180000000000000e+05 -1.353507000000000000e+06 -1.542090000000000000e+06 2.216840000000000000e+06 8.796570000000000000e+05 -2.438779000000000000e+06 -1.991000000000000000e+06 -2.860923000000000000e+06 -9.534450000000000000e+05 2.428347000000000000e+06 -2.703811000000000000e+06 -2.079300000000000000e+04 -2.060395000000000000e+06 1.010176000000000000e+06
1.087400000000000000e+05 -4.193490000000000000e+05 -4.730830000000000000e+05 8.437685000000000000e+06 -3.042353000000000000e+06 -1.493639000000000000e+06 6.592800000000000000e+05 -2.256805000000000000e+06 3.978399000000000000e+06 -5.920560000000000000e+05 -1.393647000000000000e+06 -1.490887000000000000e+06 2.772882000000000000e+06 4.504080000000000000e+05 1.037104000000000000e+06 4.251200000000000000e+05 2.088410000000000000e+05 1.962137000000000000e+06 7.872620000000000000e+05 -1.502008000000000000e+06
-2.952400000000000000e+05 2.440589000000000000e+06 4.995320000000000000e+05 -3.042353000000000000e+06 6.047529000000000000e+06 6.832400000000000000e+04 -3.241275000000000000e+06 8.296520000000000000e+05 -2.398220000000000000e+06 -2.565167000000000000e+06 1.463838000000000000e+06 -1.708925000000000000e+06 -9.553560000000000000e+05 2.081280000000000000e+06 -9.721780000000000000e+05 1.892497000000000000e+06 -7.465600000000000000e+04 -1.024071000000000000e+06 -7.610310000000000000e+05 1.332651000000000000e+06
-2.527803000000000000e+06 -1.964808000000000000e+06 -1.079341000000000000e+06 -1.493639000000000000e+06 6.832400000000000000e+04 4.904435000000000000e+06 -2.266400000000000000e+04 2.314040000000000000e+05 -2.550247000000000000e+06 -9.817190000000000000e+05 6.799260000000000000e+05 1.297720000000000000e+05 1.212420000000000000e+06 -6.553400000000000000e+04 6.182780000000000000e+05 -1.946720000000000000e+05 1.053524000000000000e+06 -2.313335000000000000e+06 2.471860000000000000e+05 1.108817000000000000e+06
-9.056870000000000000e+05 5.055830000000000000e+05 -7.265180000000000000e+05 6.592800000000000000e+05 -3.241275000000000000e+06 -2.266400000000000000e+04 8.324648000000000000e+06 2.800210000000000000e+05 2.495849000000000000e+06 1.327739000000000000e+06 -3.983690000000000000e+05 -6.950920000000000000e+05 5.243050000000000000e+05 -1.836784000000000000e+06 -3.141490000000000000e+05 -8.190560000000000000e+05 -1.253089000000000000e+06 3.440452000000000000e+06 -1.032094000000000000e+06 3.686790000000000000e+05
1.846243000000000000e+06 1.165244000000000000e+06 -1.353507000000000000e+06 -2.256805000000000000e+06 8.296520000000000000e+05 2.314040000000000000e+05 2.800210000000000000e+05 4.962729000000000000e+06 -1.125999000000000000e+06 -2.417270000000000000e+05 2.838205000000000000e+06 1.413993000000000000e+06 8.993970000000000000e+05 1.497702000000000000e+06 2.051465000000000000e+06 -1.367137000000000000e+06 1.642708000000000000e+06 8.048440000000000000e+05 -1.013325000000000000e+06 7.925760000000000000e+05
1.285805000000000000e+06 3.509680000000000000e+05 -1.542090000000000000e+06 3.978399000000000000e+06 -2.398220000000000000e+06 -2.550247000000000000e+06 2.495849000000000000e+06 -1.125999000000000000e+06 5.493677000000000000e+06 2.018490000000000000e+05 -1.747811000000000000e+06 7.895220000000000000e+05 1.031075000000000000e+06 1.371592000000000000e+06 -4.150200000000000000e+04 -5.590800000000000000e+05 -9.846360000000000000e+05 3.218918000000000000e+06 1.251494000000000000e+06 -1.487278000000000000e+06
1.048280000000000000e+05 2.849500000000000000e+05 2.216840000000000000e+06 -5.920560000000000000e+05 -2.565167000000000000e+06 -9.817190000000000000e+05 1.327739000000000000e+06 -2.417270000000000000e+05 2.018490000000000000e+05 5.731131000000000000e+06 5.690820000000000000e+05 5.589930000000000000e+05 -3.063524000000000000e+06 -3.948213000000000000e+06 -8.237800000000000000e+05 -9.539750000000000000e+05 -1.834860000000000000e+06 -2.017492000000000000e+06 -1.337297000000000000e+06 6.215870000000000000e+05
2.253632000000000000e+06 3.012710000000000000e+05 8.796570000000000000e+05 -1.393647000000000000e+06 1.463838000000000000e+06 6.799260000000000000e+05 -3.983690000000000000e+05 2.838205000000000000e+06 -1.747811000000000000e+06 5.690820000000000000e+05 7.625897000000000000e+06 1.642173000000000000e+06 -9.682990000000000000e+05 -8.535430000000000000e+05 3.523400000000000000e+04 1.189763000000000000e+06 -1.906680000000000000e+05 -1.780533000000000000e+06 -1.303871000000000000e+06 1.421522000000000000e+06
8.487360000000000000e+05 -2.794380000000000000e+06 -2.438779000000000000e+06 -1.490887000000000000e+06 -1.708925000000000000e+06 1.297720000000000000e+05 -6.950920000000000000e+05 1.413993000000000000e+06 7.895220000000000000e+05 5.589930000000000000e+05 1.642173000000000000e+06 6.328678000000000000e+06 6.893570000000000000e+05 -4.840990000000000000e+05 -1.129366000000000000e+06 -1.428685000000000000e+06 2.192440000000000000e+05 4.602400000000000000e+04 2.286621000000000000e+06 1.310810000000000000e+05
-3.189280000000000000e+05 -3.327547000000000000e+06 -1.991000000000000000e+06 2.772882000000000000e+06 -9.553560000000000000e+05 1.212420000000000000e+06 5.243050000000000000e+05 8.993970000000000000e+05 1.031075000000000000e+06 -3.063524000000000000e+06 -9.682990000000000000e+05 6.893570000000000000e+05 7.999090000000000000e+06 2.388026000000000000e+06 3.277644000000000000e+06 6.151880000000000000e+05 1.199938000000000000e+06 9.339090000000000000e+05 2.533799000000000000e+06 -1.343881000000000000e+06
9.577990000000000000e+05 1.885124000000000000e+06 -2.860923000000000000e+06 4.504080000000000000e+05 2.081280000000000000e+06 -6.553400000000000000e+04 -1.836784000000000000e+06 1.497702000000000000e+06 1.371592000000000000e+06 -3.948213000000000000e+06 -8.535430000000000000e+05 -4.840990000000000000e+05 2.388026000000000000e+06 8.770529000000000000e+06 1.162093000000000000e+06 -4.265630000000000000e+05 4.106230000000000000e+05 9.045940000000000000e+05 1.012510000000000000e+05 -8.830200000000000000e+05
9.523240000000000000e+05 8.696750000000000000e+05 -9.534450000000000000e+05 1.037104000000000000e+06 -9.721780000000000000e+05 6.182780000000000000e+05 -3.141490000000000000e+05 2.051465000000000000e+06 -4.150200000000000000e+04 -8.237800000000000000e+05 3.523400000000000000e+04 -1.129366000000000000e+06 3.277644000000000000e+06 1.162093000000000000e+06 7.953175000000000000e+06 -1.177117000000000000e+06 1.671082000000000000e+06 -6.731200000000000000e+05 1.148853000000000000e+06 -1.729961000000000000e+06
4.516580000000000000e+05 -1.596477000000000000e+06 2.428347000000000000e+06 4.251200000000000000e+05 1.892497000000000000e+06 -1.946720000000000000e+05 -8.190560000000000000e+05 -1.367137000000000000e+06 -5.590800000000000000e+05 -9.539750000000000000e+05 1.189763000000000000e+06 -1.428685000000000000e+06 6.151880000000000000e+05 -4.265630000000000000e+05 -1.177117000000000000e+06 4.201601000000000000e+06 -9.502860000000000000e+05 -1.683428000000000000e+06 5.461370000000000000e+05 -6.989540000000000000e+05
-8.743300000000000000e+05 -1.911918000000000000e+06 -2.703811000000000000e+06 2.088410000000000000e+05 -7.465600000000000000e+04 1.053524000000000000e+06 -1.253089000000000000e+06 1.642708000000000000e+06 -9.846360000000000000e+05 -1.834860000000000000e+06 -1.906680000000000000e+05 2.192440000000000000e+05 1.199938000000000000e+06 4.106230000000000000e+05 1.671082000000000000e+06 -9.502860000000000000e+05 6.654273000000000000e+06 1.180298000000000000e+06 3.980510000000000000e+05 7.508590000000000000e+05
1.962588000000000000e+06 3.588630000000000000e+05 -2.079300000000000000e+04 1.962137000000000000e+06 -1.024071000000000000e+06 -2.313335000000000000e+06 3.440452000000000000e+06 8.048440000000000000e+05 3.218918000000000000e+06 -2.017492000000000000e+06 -1.780533000000000000e+06 4.602400000000000000e+04 9.339090000000000000e+05 9.045940000000000000e+05 -6.731200000000000000e+05 -1.683428000000000000e+06 1.180298000000000000e+06 8.587890000000000000e+06 -7.534310000000000000e+05 1.871589000000000000e+06
2.225700000000000000e+05 -2.909231000000000000e+06 -2.060395000000000000e+06 7.872620000000000000e+05 -7.610310000000000000e+05 2.471860000000000000e+05 -1.032094000000000000e+06 -1.013325000000000000e+06 1.251494000000000000e+06 -1.337297000000000000e+06 -1.303871000000000000e+06 2.286621000000000000e+06 2.533799000000000000e+06 1.012510000000000000e+05 1.148853000000000000e+06 5.461370000000000000e+05 3.980510000000000000e+05 -7.534310000000000000e+05 4.447674000000000000e+06 -2.034663000000000000e+06
-7.878200000000000000e+05 1.143997000000000000e+06 1.010176000000000000e+06 -1.502008000000000000e+06 1.332651000000000000e+06 1.108817000000000000e+06 3.686790000000000000e+05 7.925760000000000000e+05 -1.487278000000000000e+06 6.215870000000000000e+05 1.421522000000000000e+06 1.310810000000000000e+05 -1.343881000000000000e+06 -8.830200000000000000e+05 -1.729961000000000000e+06 -6.989540000000000000e+05 7.508590000000000000e+05 1.871589000000000000e+06 -2.034663000000000000e+06 6.893314000000000000e+06
