7.739323000000000000e+06 5.697600000000000000e+05 6.359020000000000000e+05 -2.588163000000000000e+06 9.335180000000000000e+05 -6.244670000000000000e+05 2.078300000000000000e+05 -7.982760000000000000e+05 3.564193000000000000e+06 2.373517000000000000e+06 1.369930000000000000e+05 3.289943000000000000e+06 1.011305000000000000e+06 -1.669969000000000000e+06 -2.709810000000000000e+05 2.522580000000000000e+06 1.331052000000000000e+06 3.605930000000000000e+05 -1.217517000000000000e+06 6.491720000000000000e+05
5.697600000000000000e+05 5.844406000000000000e+06 -3.355800000000000000e+06 -1.480526000000000000e+06 -4.979120000000000000e+05 2.114829000000000000e+06 9.430000000000000000e+05 2.014164000000000000e+06 1.393356000000000000e+06 7.574040000000000000e+05 9.139700000000000000e+05 -1.591270000000000000e+05 -9.318400000000000000e+05 -2.683640000000000000e+05 6.777350000000000000e+05 1.972820000000000000e+06 -5.965440000000000000e+05 6.863430000000000000e+05 1.242860000000000000e+05 -1.592810000000000000e+05
6.359020000000000000e+05 -3.355800000000000000e+06 8.648104000000000000e+06 -3.528690000000000000e+05 1.039695000000000000e+06 -2.441045000000000000e+06 1.049261000000000000e+06 -1.414808000000000000e+06 -4.974080000000000000e+05 -7.487300000000000000e+04 1.367330000000000000e+06 -1.229453000000000000e+06 3.321340000000000000e+05 2.398556000000000000e+06 -2.286775000000000000e+06 5.855190000000000000e+05 1.978410000000000000e+06 -7.398140000000000000e+05 -3.891600000000000000e+05 2.924599000000000000e+06
-2.588163000000000000e+06 -1.480526000000000000e+06 -3.528690000000000000e+05 7.403072000000000000e+06 -2.045639000000000000e+06 -8.135100000000000000e+04 2.925679000000000000e+06 1.210067000000000000e+06 -1.325535000000000000e+06 2.032840000000000000e+05 3.252360000000000000e+05 -3.666410000000000000e+05 -2.591631000000000000e+06 -4.503300000000000000e+04 1.192321000000000000e+06 -9.800220000000000000e+05 -1.147350000000000000e+05 4.551310000000000000e+05 4.102595000000000000e+06 -2.129578000000000000e+06
9.335180000000000000e+05 -4.979120000000000000e+05 1.039695000000000000e+06 -2.045639000000000000e+06 6.085595000000000000e+06 -7.344260000000000000e+05 -1.745819000000000000e+06 -9.339280000000000000e+05 -1.607208000000000000e+06 8.587430000000000000e+05 2.062985000000000000e+06 2.174598000000000000e+06 5.099000000000000000e+04 -1.586590000000000000e+06 9.930140000000000000e+05 -1.586303000000000000e+06 -1.629552000000000000e+06 -5.489180000000000000e+05 -1.639723000000000000e+06 9.690360000000000000e+05
-6.244670000000000000e+05 2.114829000000000000e+06 -2.441045000000000000e+06 -8.135100000000000000e+04 -7.344260000000000000e+05 6.482951000000000000e+06 -1.144942000000000000e+06 1.536551000000000000e+06 1.750876000000000000e+06 -8.525200000000000000e+04 1.738701000000000000e+06 -1.864924000000000000e+06 -2.497971000000000000e+06 1.791754000000000000e+06 -1.339989000000000000e+06 1.313473000000000000e+06 2.851430000000000000e+06 7.080150000000000000e+05 9.837100000000000000e+04 -3.241123000000000000e+06
2.078300000000000000e+05 9.430000000000000000e+05 1.049261000000000000e+06 2.925679000000000000e+06 -1.745819000000000000e+06 -1.144942000000000000e+06 4.909751000000000000e+06 1.603292000000000000e+06 2.390070000000000000e+05 2.099664000000000000e+06 -2.050300000000000000e+04 3.684560000000000000e+05 -1.646330000000000000e+06 -3.075870000000000000e+05 3.328480000000000000e+05 4.200390000000000000e+05 7.428270000000000000e+05 -9.704120000000000000e+05 2.949527000000000000e+06 4.059750000000000000e+05
-7.982760000000000000e+05 2.014164000000000000e+06 -1.414808000000000000e+06 1.210067000000000000e+06 -9.339280000000000000e+05 1.536551000000000000e+06 1.603292000000000000e+06 5.587650000000000000e+06 5.914120000000000000e+05 8.934050000000000000e+05 3.383910000000000000e+05 -9.046350000000000000e+05 -1.062463000000000000e+06 7.980710000000000000e+05 -1.428643000000000000e+06 4.749060000000000000e+05 8.379000000000000000e+04 -3.168277000000000000e+06 2.841255000000000000e+06 -1.054706000000000000e+06
3.564193000000000000e+06 1.393356000000000000e+06 -4.974080000000000000e+05 -1.325535000000000000e+06 -1.607208000000000000e+06 1.750876000000000000e+06 2.390070000000000000e+05 5.914120000000000000e+05 7.512509000000000000e+06 1.359323000000000000e+06 1.817425000000000000e+06 -1.199587000000000000e+06 -5.304550000000000000e+05 2.179250000000000000e+05 3.884160000000000000e+05 1.611462000000000000e+06 1.887373000000000000e+06 -9.375560000000000000e+05 1.219657000000000000e+06 -2.468249000000000000e+06
2.373517000000000000e+06 7.574040000000000000e+05 -7.487300000000000000e+04 2.032840000000000000e+05 8.587430000000000000e+05 -8.525200000000000000e+04 2.099664000000000000e+06 8.934050000000000000e+05 1.359323000000000000e+06 5.956791000000000000e+06 1.548120000000000000e+06 1.870593000000000000e+06 -1.597128000000000000e+06 -1.385114000000000000e+06 -3.238780000000000000e+05 9.580060000000000000e+05 -8.489270000000000000e+05 4.683000000000000000e+04 2.213754000000000000e+06 -1.252717000000000000e+06
1.369930000000000000e+05 9.139700000000000000e+05 1.367330000000000000e+06 3.252360000000000000e+05 2.062985000000000000e+06 1.738701000000000000e+06 -2.050300000000000000e+04 3.383910000000000000e+05 1.817425000000000000e+06 1.548120000000000000e+06 5.173770000000000000e+06 -1.792377000000000000e+06 -2.132690000000000000e+06 5.759390000000000000e+05 -1.075782000000000000e+06 5.233100000000000000e+05 1.726850000000000000e+05 5.771580000000000000e+05 1.785578000000000000e+06 -2.496029000000000000e+06
3.289943000000000000e+06 -1.591270000000000000e+05 -1.229453000000000000e+06 -3.666410000000000000e+05 2.174598000000000000e+06 -1.864924000000000000e+06 3.684560000000000000e+05 -9.046350000000000000e+05 -1.199587000000000000e+06 1.870593000000000000e+06 -1.792377000000000000e+06 7.382225000000000000e+06 1.286012000000000000e+06 -4.094474000000000000e+06 6.133700000000000000e+05 8.103190000000000000e+05 -1.182041000000000000e+06 1.184821000000000000e+06 3.904140000000000000e+05 2.569443000000000000e+06
1.011305000000000000e+06 -9.318400000000000000e+05 3.321340000000000000e+05 -2.591631000000000000e+06 5.099000000000000000e+04 -2.497971000000000000e+06 -1.646330000000000000e+06 -1.062463000000000000e+06 -5.304550000000000000e+05 -1.597128000000000000e+06 -2.132690000000000000e+06 1.286012000000000000e+06 4.424132000000000000e+06 -3.027570000000000000e+05 -1.568590000000000000e+05 7.580050000000000000e+05 -1.573659000000000000e+06 9.061220000000000000e+05 -2.652468000000000000e+06 2.120133000000000000e+06
-1.669969000000000000e+06 -2.683640000000000000e+05 2.398556000000000000e+06 -4.503300000000000000e+04 -1.586590000000000000e+06 1.791754000000000000e+06 -3.075870000000000000e+05 7.980710000000000000e+05 2.179250000000000000e+05 -1.385114000000000000e+06 5.759390000000000000e+05 -4.094474000000000000e+06 -3.027570000000000000e+05 9.050168000000000000e+06 -1.204708000000000000e+06 4.876880000000000000e+05 1.423397000000000000e+06 1.059809000000000000e+06 5.635980000000000000e+05 -1.031281000000000000e+06
-2.709810000000000000e+05 6.777350000000000000e+05 -2.286775000000000000e+06 1.192321000000000000e+06 9.930140000000000000e+05 -1.339989000000000000e+06 3.328480000000000000e+05 -1.428643000000000000e+06 3.884160000000000000e+05 -3.238780000000000000e+05 -1.075782000000000000e+06 6.133700000000000000e+05 -1.568590000000000000e+05 -1.204708000000000000e+06 5.920141000000000000e+06 -2.608341000000000000e+06 -2.130698000000000000e+06 -7.755200000000000000e+04 -6.289700000000000000e+05 -1.387130000000000000e+06
2.522580000000000000e+06 1.972820000000000000e+06 5.855190000000000000e+05 -9.800220000000000000e+05 -1.586303000000000000e+06 1.313473000000000000e+06 4.200390000000000000e+05 4.749060000000000000e+05 1.611462000000000000e+06 9.580060000000000000e+05 5.233100000000000000e+05 8.103190000000000000e+05 7.580050000000000000e+05 4.876880000000000000e+05 -2.608341000000000000e+06 5.972298000000000000e+06 1.345510000000000000e+06 1.603352000000000000e+06 4.799060000000000000e+05 1.410253000000000000e+06
1.331052000000000000e+06 -5.965440000000000000e+05 1.978410000000000000e+06 -1.147350000000000000e+05 -1.629552000000000000e+06 2.851430000000000000e+06 7.428270000000000000e+05 8.379000000000000000e+04 1.887373000000000000e+06 -8.489270000000000000e+05 1.726850000000000000e+05 -1.182041000000000000e+06 -1.573659000000000000e+06 1.423397000000000000e+06 -2.130698000000000000e+06 1.345510000000000000e+06 5.756644000000000000e+06 2.428180000000000000e+05 2.421900000000000000e+05 -1.462040000000000000e+05
3.605930000000000000e+05 6.863430000000000000e+05 -7.398140000000000000e+05 4.551310000000000000e+05 -5.489180000000000000e+05 7.080150000000000000e+05 -9.704120000000000000e+05 -3.168277000000000000e+06 -9.375560000000000000e+05 4.683000000000000000e+04 5.771580000000000000e+05 1.184821000000000000e+06 9.061220000000000000e+05 1.059809000000000000e+06 -7.755200000000000000e+04 1.603352000000000000e+06 2.428180000000000000e+05 7.700978000000000000e+06 -2.432950000000000000e+05 -4.031620000000000000e+05
-1.217517000000000000e+06 1.242860000000000000e+05 -3.891600000000000000e+05 4.102595000000000000e+06 -1.639723000000000000e+06 9.837100000000000000e+04 2.949527000000000000e+06 2.841255000000000000e+06 1.219657000000000000e+06 2.213754000000000000e+06 1.785578000000000000e+06 3.904140000000000000e+05 -2.652468000000000000e+06 5.635980000000000000e+05 -6.289700000000000000e+05 4.799060000000000000e+05 2.421900000000000000e+05 -2.432950000000000000e+05 7.848992000000000000e+06 -2.439277000000000000e+06
6.491720000000000000e+05 -1.592810000000000000e+05 2.924599000000000000e+06 -2.129578000000000000e+06 9.690360000000000000e+05 -3.241123000000000000e+06 4.059750000000000000e+05 -1.054706000000000000e+06 -2.468249000000000000e+06 -1.252717000000000000e+06 -2.496029000000000000e+06 2.569443000000000000e+06 2.120133000000000000e+06 -1.031281000000000000e+06 -1.387130000000000000e+06 1.410253000000000000e+06 -1.462040000000000000e+05 -4.031620000000000000e+05 -2.439277000000000000e+06 6.983507000000000000e+06
