6.011607000000000000e+06 1.352457000000000000e+06 3.254910000000000000e+05 -8.079510000000000000e+05 5.610120000000000000e+05 -1.243960000000000000e+05 6.479900000000000000e+04 8.621400000000000000e+04 -2.250630000000000000e+06 -5.787740000000000000e+05 -9.493380000000000000e+05 -9.145080000000000000e+05 6.864500000000000000e+05 5.903910000000000000e+05 -2.125815000000000000e+06 9.142100000000000000e+05 -1.850965000000000000e+06 5.196610000000000000e+05 -2.405610000000000000e+05 1.027932000000000000e+06
1.352457000000000000e+06 7.429985000000000000e+06 -1.200150000000000000e+06 5.895830000000000000e+05 1.374254000000000000e+06 1.602497000000000000e+06 1.821730000000000000e+05 3.628752000000000000e+06 -2.939378000000000000e+06 -3.167690000000000000e+05 -4.581220000000000000e+05 1.069323000000000000e+06 1.260665000000000000e+06 4.098520000000000000e+05 -1.644428000000000000e+06 6.771700000000000000e+05 2.576604000000000000e+06 1.010432000000000000e+06 1.700388000000000000e+06 -1.469197000000000000e+06
3.254910000000000000e+05 -1.200150000000000000e+06 4.557022000000000000e+06 -2.303648000000000000e+06 3.669330000000000000e+05 -2.140071000000000000e+06 -5.738010000000000000e+05 -8.414720000000000000e+05 1.729676000000000000e+06 -6.836130000000000000e+05 2.128930000000000000e+05 4.419400000000000000e+05 -5.071880000000000000e+05 -2.454011000000000000e+06 -2.141682000000000000e+06 1.865279000000000000e+06 -1.608676000000000000e+06 1.572433000000000000e+06 -2.164330000000000000e+05 1.898297000000000000e+06
-8.079510000000000000e+05 5.895830000000000000e+05 -2.303648000000000000e+06 6.740492000000000000e+06 -6.097070000000000000e+05 1.535108000000000000e+06 1.225408000000000000e+06 2.533692000000000000e+06 4.291010000000000000e+05 1.338824000000000000e+06 -1.349990000000000000e+05 -1.234141000000000000e+06 -2.099440000000000000e+05 1.598446000000000000e+06 2.808531000000000000e+06 -3.102310000000000000e+05 1.024363000000000000e+06 2.118424000000000000e+06 -7.260300000000000000e+04 -1.644294000000000000e+06
5.610120000000000000e+05 1.374254000000000000e+06 3.669330000000000000e+05 -6.097070000000000000e+05 6.126680000000000000e+06 -4.889530000000000000e+05 1.679133000000000000e+06 -2.036975000000000000e+06 1.713510000000000000e+05 1.996340000000000000e+06 5.867630000000000000e+05 3.150580000000000000e+05 1.867965000000000000e+06 6.431160000000000000e+05 -9.459200000000000000e+04 -6.104550000000000000e+05 2.787264000000000000e+06 -2.760390000000000000e+05 2.936176000000000000e+06 1.034873000000000000e+06
-1.243960000000000000e+05 1.602497000000000000e+06 -2.140071000000000000e+06 1.535108000000000000e+06 -4.889530000000000000e+05 7.601015000000000000e+06 -1.674028000000000000e+06 2.061007000000000000e+06 -2.264134000000000000e+06 2.507400000000000000e+05 -7.489720000000000000e+05 -2.096732000000000000e+06 -3.508890000000000000e+05 3.703885000000000000e+06 2.990445000000000000e+06 -6.020870000000000000e+05 -1.857062000000000000e+06 -7.848840000000000000e+05 8.447880000000000000e+05 -4.441050000000000000e+05
6.479900000000000000e+04 1.821730000000000000e+05 -5.738010000000000000e+05 1.225408000000000000e+06 1.679133000000000000e+06 -1.674028000000000000e+06 6.284651000000000000e+06 -9.438000000000000000e+04 8.085350000000000000e+05 2.026859000000000000e+06 -2.029964000000000000e+06 -1.114793000000000000e+06 6.723260000000000000e+05 7.411200000000000000e+05 -1.207628000000000000e+06 -1.657962000000000000e+06 3.680818000000000000e+06 1.045100000000000000e+04 1.341244000000000000e+06 1.467085000000000000e+06
8.621400000000000000e+04 3.628752000000000000e+06 -8.414720000000000000e+05 2.533692000000000000e+06 -2.036975000000000000e+06 2.061007000000000000e+06 -9.438000000000000000e+04 7.912195000000000000e+06 2.050470000000000000e+05 2.878590000000000000e+05 2.333670000000000000e+05 -3.118600000000000000e+05 -4.209460000000000000e+05 4.930950000000000000e+05 5.943080000000000000e+05 2.099120000000000000e+06 1.326869000000000000e+06 1.263812000000000000e+06 -5.131550000000000000e+05 -1.408398000000000000e+06
-2.250630000000000000e+06 -2.939378000000000000e+06 1.729676000000000000e+06 4.291010000000000000e+05 1.713510000000000000e+05 -2.264134000000000000e+06 8.085350000000000000e+05 2.050470000000000000e+05 7.759116000000000000e+06 7.658540000000000000e+05 2.664790000000000000e+06 1.194743000000000000e+06 -1.566306000000000000e+06 1.200742000000000000e+06 2.582312000000000000e+06 -1.282087000000000000e+06 -1.095726000000000000e+06 2.248868000000000000e+06 -1.696529000000000000e+06 3.195591000000000000e+06
-5.787740000000000000e+05 -3.167690000000000000e+05 -6.836130000000000000e+05 1.338824000000000000e+06 1.996340000000000000e+06 2.507400000000000000e+05 2.026859000000000000e+06 2.878590000000000000e+05 7.658540000000000000e+05 9.025342000000000000e+06 -1.352774000000000000e+06 1.791910000000000000e+05 -1.824011000000000000e+06 1.510520000000000000e+05 1.409108000000000000e+06 2.478517000000000000e+06 3.589441000000000000e+06 -6.255450000000000000e+05 1.111300000000000000e+06 -1.865739000000000000e+06
-9.493380000000000000e+05 -4.581220000000000000e+05 2.128930000000000000e+05 -1.349990000000000000e+05 5.867630000000000000e+05 -7.489720000000000000e+05 -2.029964000000000000e+06 2.333670000000000000e+05 2.664790000000000000e+06 -1.352774000000000000e+06 4.064522000000000000e+06 2.110880000000000000e+06 3.744020000000000000e+05 1.700074000000000000e+06 1.510461000000000000e+06 -3.412250000000000000e+05 -1.439479000000000000e+06 1.323792000000000000e+06 -2.719720000000000000e+05 1.010721000000000000e+06
-9.145080000000000000e+05 1.069323000000000000e+06 4.419400000000000000e+05 -1.234141000000000000e+06 3.150580000000000000e+05 -2.096732000000000000e+06 -1.114793000000000000e+06 -3.118600000000000000e+05 1.194743000000000000e+06 1.791910000000000000e+05 2.110880000000000000e+06 5.459320000000000000e+06 -1.178339000000000000e+06 6.505530000000000000e+05 2.900540000000000000e+05 5.777720000000000000e+05 -1.747677000000000000e+06 -5.908000000000000000e+05 -1.818700000000000000e+06 5.596500000000000000e+04
6.864500000000000000e+05 1.260665000000000000e+06 -5.071880000000000000e+05 -2.099440000000000000e+05 1.867965000000000000e+06 -3.508890000000000000e+05 6.723260000000000000e+05 -4.209460000000000000e+05 -1.566306000000000000e+06 -1.824011000000000000e+06 3.744020000000000000e+05 -1.178339000000000000e+06 5.071705000000000000e+06 -4.333270000000000000e+05 -1.830958000000000000e+06 -1.511997000000000000e+06 2.483795000000000000e+06 1.108001000000000000e+06 3.101787000000000000e+06 -5.276440000000000000e+05
5.903910000000000000e+05 4.098520000000000000e+05 -2.454011000000000000e+06 1.598446000000000000e+06 6.431160000000000000e+05 3.703885000000000000e+06 7.411200000000000000e+05 4.930950000000000000e+05 1.200742000000000000e+06 1.510520000000000000e+05 1.700074000000000000e+06 6.505530000000000000e+05 -4.333270000000000000e+05 7.027504000000000000e+06 3.002656000000000000e+06 -1.685744000000000000e+06 -2.212263000000000000e+06 -2.299010000000000000e+05 -1.846541000000000000e+06 1.782297000000000000e+06
-2.125815000000000000e+06 -1.644428000000000000e+06 -2.141682000000000000e+06 2.808531000000000000e+06 -9.459200000000000000e+04 2.990445000000000000e+06 -1.207628000000000000e+06 5.943080000000000000e+05 2.582312000000000000e+06 1.409108000000000000e+06 1.510461000000000000e+06 2.900540000000000000e+05 -1.830958000000000000e+06 3.002656000000000000e+06 6.527377000000000000e+06 -6.014120000000000000e+05 -9.329360000000000000e+05 -7.744090000000000000e+05 -1.264226000000000000e+06 -6.153480000000000000e+05
9.142100000000000000e+05 6.771700000000000000e+05 1.865279000000000000e+06 -3.102310000000000000e+05 -6.104550000000000000e+05 -6.020870000000000000e+05 -1.657962000000000000e+06 2.099120000000000000e+06 -1.282087000000000000e+06 2.478517000000000000e+06 -3.412250000000000000e+05 5.777720000000000000e+05 -1.511997000000000000e+06 -1.685744000000000000e+06 -6.014120000000000000e+05 6.409144000000000000e+06 5.790110000000000000e+05 9.467820000000000000e+05 -9.831200000000000000e+05 -3.469070000000000000e+06
-1.850965000000000000e+06 2.576604000000000000e+06 -1.608676000000000000e+06 1.024363000000000000e+06 2.787264000000000000e+06 -1.857062000000000000e+06 3.680818000000000000e+06 1.326869000000000000e+06 -1.095726000000000000e+06 3.589441000000000000e+06 -1.439479000000000000e+06 -1.747677000000000000e+06 2.483795000000000000e+06 -2.212263000000000000e+06 -9.329360000000000000e+05 5.790110000000000000e+05 9.669537000000000000e+06 -4.815720000000000000e+05 3.125385000000000000e+06 -2.896467000000000000e+06
5.196610000000000000e+05 1.010432000000000000e+06 1.572433000000000000e+06 2.118424000000000000e+06 -2.760390000000000000e+05 -7.848840000000000000e+05 1.045100000000000000e+04 1.263812000000000000e+06 2.248868000000000000e+06 -6.255450000000000000e+05 1.323792000000000000e+06 -5.908000000000000000e+05 1.108001000000000000e+06 -2.299010000000000000e+05 -7.744090000000000000e+05 9.467820000000000000e+05 -4.815720000000000000e+05 5.826628000000000000e+06 2.170942000000000000e+06 -6.856500000000000000e+04
-2.405610000000000000e+05 1.700388000000000000e+06 -2.164330000000000000e+05 -7.260300000000000000e+04 2.936176000000000000e+06 8.447880000000000000e+05 1.341244000000000000e+06 -5.131550000000000000e+05 -1.696529000000000000e+06 1.111300000000000000e+06 -2.719720000000000000e+05 -1.818700000000000000e+06 3.101787000000000000e+06 -1.846541000000000000e+06 -1.264226000000000000e+06 -9.831200000000000000e+05 3.125385000000000000e+06 2.170942000000000000e+06 7.342294000000000000e+06 -8.214700000000000000e+05
1.027932000000000000e+06 -1.469197000000000000e+06 1.898297000000000000e+06 -1.644294000000000000e+06 1.034873000000000000e+06 -4.441050000000000000e+05 1.467085000000000000e+06 -1.408398000000000000e+06 3.195591000000000000e+06 -1.865739000000000000e+06 1.010721000000000000e+06 5.596500000000000000e+04 -5.276440000000000000e+05 1.782297000000000000e+06 -6.153480000000000000e+05 -3.469070000000000000e+06 -2.896467000000000000e+06 -6.856500000000000000e+04 -8.214700000000000000e+05 6.269324000000000000e+06
