5.722601000000000000e+06 -1.180473000000000000e+06 1.805029000000000000e+06 1.780607000000000000e+06 -5.099940000000000000e+05 1.990883000000000000e+06 -6.790720000000000000e+05 -5.244500000000000000e+05 1.739906000000000000e+06 1.497280000000000000e+05 -2.356767000000000000e+06 8.592360000000000000e+05 3.689540000000000000e+05 -6.166970000000000000e+05 -1.756567000000000000e+06 2.736627000000000000e+06 -9.471200000000000000e+04 2.106118000000000000e+06 -1.412929000000000000e+06 -9.446600000000000000e+05
-1.180473000000000000e+06 6.223506000000000000e+06 -6.941410000000000000e+05 2.179868000000000000e+06 1.245561000000000000e+06 -1.128649000000000000e+06 7.276730000000000000e+05 -1.997780000000000000e+06 2.109051000000000000e+06 -3.694970000000000000e+05 1.834130000000000000e+05 3.446833000000000000e+06 -1.028041000000000000e+06 -1.067017000000000000e+06 9.739940000000000000e+05 2.900474000000000000e+06 -1.146024000000000000e+06 -1.601636000000000000e+06 9.644560000000000000e+05 -2.568700000000000000e+04
1.805029000000000000e+06 -6.941410000000000000e+05 6.472250000000000000e+06 1.395598000000000000e+06 2.356196000000000000e+06 9.688450000000000000e+05 1.016750000000000000e+05 1.368804000000000000e+06 3.884780000000000000e+05 -1.871160000000000000e+05 2.523487000000000000e+06 1.780564000000000000e+06 1.631890000000000000e+06 1.461660000000000000e+05 2.951070000000000000e+05 1.181790000000000000e+06 -8.164590000000000000e+05 1.711611000000000000e+06 -2.171492000000000000e+06 -1.404950000000000000e+06
1.780607000000000000e+06 2.179868000000000000e+06 1.395598000000000000e+06 6.811980000000000000e+06 9.471100000000000000e+04 -7.999890000000000000e+05 -8.047110000000000000e+05 -3.162937000000000000e+06 2.285481000000000000e+06 1.171271000000000000e+06 1.301927000000000000e+06 2.640860000000000000e+05 1.541843000000000000e+06 1.770320000000000000e+05 9.621050000000000000e+05 4.162796000000000000e+06 -1.220798000000000000e+06 2.090904000000000000e+06 2.549591000000000000e+06 -3.990190000000000000e+05
-5.099940000000000000e+05 1.245561000000000000e+06 2.356196000000000000e+06 9.471100000000000000e+04 6.513748000000000000e+06 -1.914536000000000000e+06 1.846733000000000000e+06 -6.264400000000000000e+05 6.667290000000000000e+05 3.432600000000000000e+04 3.149155000000000000e+06 2.213134000000000000e+06 3.642980000000000000e+05 2.484160000000000000e+05 -2.273220000000000000e+05 -1.543070000000000000e+06 2.040500000000000000e+05 3.857310000000000000e+05 1.310100000000000000e+05 -1.284823000000000000e+06
1.990883000000000000e+06 -1.128649000000000000e+06 9.688450000000000000e+05 -7.999890000000000000e+05 -1.914536000000000000e+06 7.551646000000000000e+06 6.083330000000000000e+05 4.789740000000000000e+05 -1.793609000000000000e+06 2.144892000000000000e+06 -1.746402000000000000e+06 -2.268452000000000000e+06 8.859470000000000000e+05 -1.448425000000000000e+06 -9.585830000000000000e+05 3.543000000000000000e+05 3.356250000000000000e+05 -4.241650000000000000e+05 -3.373100000000000000e+06 -3.300490000000000000e+06
-6.790720000000000000e+05 7.276730000000000000e+05 1.016750000000000000e+05 -8.047110000000000000e+05 1.846733000000000000e+06 6.083330000000000000e+05 6.439417000000000000e+06 -2.458162000000000000e+06 -3.825130000000000000e+05 6.114540000000000000e+05 2.162640000000000000e+06 -1.006363000000000000e+06 -8.773120000000000000e+05 -5.317000000000000000e+04 3.003570000000000000e+05 1.326358000000000000e+06 2.105370000000000000e+05 -1.730970000000000000e+05 1.916270000000000000e+05 -4.953014000000000000e+06
-5.244500000000000000e+05 -1.997780000000000000e+06 1.368804000000000000e+06 -3.162937000000000000e+06 -6.264400000000000000e+05 4.789740000000000000e+05 -2.458162000000000000e+06 9.601482000000000000e+06 -1.825869000000000000e+06 -2.093638000000000000e+06 -1.371560000000000000e+05 2.233757000000000000e+06 -3.458040000000000000e+05 1.250375000000000000e+06 -3.022060000000000000e+05 -2.177863000000000000e+06 -1.602208000000000000e+06 -9.316060000000000000e+05 -4.323520000000000000e+06 2.883040000000000000e+05
1.739906000000000000e+06 2.109051000000000000e+06 3.884780000000000000e+05 2.285481000000000000e+06 6.667290000000000000e+05 -1.793609000000000000e+06 -3.825130000000000000e+05 -1.825869000000000000e+06 8.069754000000000000e+06 -1.576889000000000000e+06 -1.692699000000000000e+06 2.260186000000000000e+06 2.305060000000000000e+05 -7.960580000000000000e+05 2.112082000000000000e+06 4.237978000000000000e+06 -6.495090000000000000e+05 -1.621249000000000000e+06 1.149073000000000000e+06 2.033914000000000000e+06
1.497280000000000000e+05 -3.694970000000000000e+05 -1.871160000000000000e+05 1.171271000000000000e+06 3.432600000000000000e+04 2.144892000000000000e+06 6.114540000000000000e+05 -2.093638000000000000e+06 -1.576889000000000000e+06 7.993032000000000000e+06 1.990898000000000000e+06 -4.361087000000000000e+06 1.311345000000000000e+06 -3.437982000000000000e+06 -2.532532000000000000e+06 2.127000000000000000e+03 3.059918000000000000e+06 -1.584064000000000000e+06 -1.506151000000000000e+06 -1.941625000000000000e+06
-2.356767000000000000e+06 1.834130000000000000e+05 2.523487000000000000e+06 1.301927000000000000e+06 3.149155000000000000e+06 -1.746402000000000000e+06 2.162640000000000000e+06 -1.371560000000000000e+05 -1.692699000000000000e+06 1.990898000000000000e+06 7.696506000000000000e+06 -1.102537000000000000e+06 -7.221320000000000000e+05 -4.656560000000000000e+05 1.287372000000000000e+06 -4.132080000000000000e+05 -8.944500000000000000e+04 1.133320000000000000e+05 -2.933780000000000000e+05 -2.847563000000000000e+06
8.592360000000000000e+05 3.446833000000000000e+06 1.780564000000000000e+06 2.640860000000000000e+05 2.213134000000000000e+06 -2.268452000000000000e+06 -1.006363000000000000e+06 2.233757000000000000e+06 2.260186000000000000e+06 -4.361087000000000000e+06 -1.102537000000000000e+06 8.068188000000000000e+06 -1.068125000000000000e+06 7.421260000000000000e+05 9.887300000000000000e+05 2.584912000000000000e+06 -3.453549000000000000e+06 1.011028000000000000e+06 -2.806950000000000000e+05 3.878200000000000000e+05
3.689540000000000000e+05 -1.028041000000000000e+06 1.631890000000000000e+06 1.541843000000000000e+06 3.642980000000000000e+05 8.859470000000000000e+05 -8.773120000000000000e+05 -3.458040000000000000e+05 2.305060000000000000e+05 1.311345000000000000e+06 -7.221320000000000000e+05 -1.068125000000000000e+06 6.540940000000000000e+06 -1.111004000000000000e+06 -2.336125000000000000e+06 -1.314703000000000000e+06 2.169790000000000000e+05 -1.534200000000000000e+05 3.426940000000000000e+05 2.337656000000000000e+06
-6.166970000000000000e+05 -1.067017000000000000e+06 1.461660000000000000e+05 1.770320000000000000e+05 2.484160000000000000e+05 -1.448425000000000000e+06 -5.317000000000000000e+04 1.250375000000000000e+06 -7.960580000000000000e+05 -3.437982000000000000e+06 -4.656560000000000000e+05 7.421260000000000000e+05 -1.111004000000000000e+06 5.057011000000000000e+06 1.198299000000000000e+06 -6.707310000000000000e+05 8.300290000000000000e+05 1.889702000000000000e+06 2.245639000000000000e+06 1.054440000000000000e+05
-1.756567000000000000e+06 9.739940000000000000e+05 2.951070000000000000e+05 9.621050000000000000e+05 -2.273220000000000000e+05 -9.585830000000000000e+05 3.003570000000000000e+05 -3.022060000000000000e+05 2.112082000000000000e+06 -2.532532000000000000e+06 1.287372000000000000e+06 9.887300000000000000e+05 -2.336125000000000000e+06 1.198299000000000000e+06 6.627288000000000000e+06 9.439390000000000000e+05 -1.316770000000000000e+06 -6.089400000000000000e+04 3.099130000000000000e+06 -6.794530000000000000e+05
2.736627000000000000e+06 2.900474000000000000e+06 1.181790000000000000e+06 4.162796000000000000e+06 -1.543070000000000000e+06 3.543000000000000000e+05 1.326358000000000000e+06 -2.177863000000000000e+06 4.237978000000000000e+06 2.127000000000000000e+03 -4.132080000000000000e+05 2.584912000000000000e+06 -1.314703000000000000e+06 -6.707310000000000000e+05 9.439390000000000000e+05 9.077976000000000000e+06 -2.592925000000000000e+06 1.300038000000000000e+06 4.077740000000000000e+05 -2.064068000000000000e+06
-9.471200000000000000e+04 -1.146024000000000000e+06 -8.164590000000000000e+05 -1.220798000000000000e+06 2.040500000000000000e+05 3.356250000000000000e+05 2.105370000000000000e+05 -1.602208000000000000e+06 -6.495090000000000000e+05 3.059918000000000000e+06 -8.944500000000000000e+04 -3.453549000000000000e+06 2.169790000000000000e+05 8.300290000000000000e+05 -1.316770000000000000e+06 -2.592925000000000000e+06 6.504035000000000000e+06 -1.811989000000000000e+06 6.939570000000000000e+05 8.800420000000000000e+05
2.106118000000000000e+06 -1.601636000000000000e+06 1.711611000000000000e+06 2.090904000000000000e+06 3.857310000000000000e+05 -4.241650000000000000e+05 -1.730970000000000000e+05 -9.316060000000000000e+05 -1.621249000000000000e+06 -1.584064000000000000e+06 1.133320000000000000e+05 1.011028000000000000e+06 -1.534200000000000000e+05 1.889702000000000000e+06 -6.089400000000000000e+04 1.300038000000000000e+06 -1.811989000000000000e+06 7.068991000000000000e+06 -5.948280000000000000e+05 -1.385605000000000000e+06
-1.412929000000000000e+06 9.644560000000000000e+05 -2.171492000000000000e+06 2.549591000000000000e+06 1.310100000000000000e+05 -3.373100000000000000e+06 1.916270000000000000e+05 -4.323520000000000000e+06 1.149073000000000000e+06 -1.506151000000000000e+06 -2.933780000000000000e+05 -2.806950000000000000e+05 3.426940000000000000e+05 2.245639000000000000e+06 3.099130000000000000e+06 4.077740000000000000e+05 6.939570000000000000e+05 -5.948280000000000000e+05 8.913000000000000000e+06 2.504724000000000000e+06
-9.446600000000000000e+05 -2.568700000000000000e+04 -1.404950000000000000e+06 -3.990190000000000000e+05 -1.284823000000000000e+06 -3.300490000000000000e+06 -4.953014000000000000e+06 2.883040000000000000e+05 2.033914000000000000e+06 -1.941625000000000000e+06 -2.847563000000000000e+06 3.878200000000000000e+05 2.337656000000000000e+06 1.054440000000000000e+05 -6.794530000000000000e+05 -2.064068000000000000e+06 8.800420000000000000e+05 -1.385605000000000000e+06 2.504724000000000000e+06 8.195433000000000000e+06
