7.864143000000000000e+06 -3.302603000000000000e+06 6.941510000000000000e+05 1.094088000000000000e+06 1.038097000000000000e+06 -2.115403000000000000e+06 -1.675454000000000000e+06 2.188215000000000000e+06 -1.027989000000000000e+06 5.145730000000000000e+05 5.360870000000000000e+05 -1.951409000000000000e+06 4.197390000000000000e+05 -2.049167000000000000e+06 2.574440000000000000e+05 -4.299280000000000000e+05 -6.159360000000000000e+05 -5.030620000000000000e+05 6.558970000000000000e+05 -2.549152000000000000e+06
-3.302603000000000000e+06 6.228612000000000000e+06 -1.595800000000000000e+04 -2.024197000000000000e+06 2.340952000000000000e+06 2.943550000000000000e+06 -2.972750000000000000e+05 -2.498057000000000000e+06 2.228104000000000000e+06 -3.150610000000000000e+05 -9.639780000000000000e+05 3.245690000000000000e+05 2.599600000000000000e+04 1.444734000000000000e+06 3.457456000000000000e+06 4.611800000000000000e+05 -1.543941000000000000e+06 -1.681939000000000000e+06 1.312778000000000000e+06 -4.083150000000000000e+05
6.941510000000000000e+05 -1.595800000000000000e+04 5.253720000000000000e+06 -6.575730000000000000e+05 -4.328700000000000000e+05 2.469469000000000000e+06 -6.138000000000000000e+04 6.804410000000000000e+05 1.361907000000000000e+06 -2.105709000000000000e+06 6.308110000000000000e+05 -2.110880000000000000e+06 1.023825000000000000e+06 -1.850762000000000000e+06 9.287020000000000000e+05 -2.019441000000000000e+06 2.722333000000000000e+06 1.724070000000000000e+05 -3.204230000000000000e+05 -3.906000000000000000e+03
1.094088000000000000e+06 -2.024197000000000000e+06 -6.575730000000000000e+05 6.816483000000000000e+06 -6.191090000000000000e+05 -1.750786000000000000e+06 1.429616000000000000e+06 1.939353000000000000e+06 -3.451340000000000000e+05 1.667409000000000000e+06 8.380620000000000000e+05 -1.577111000000000000e+06 3.527800000000000000e+05 -5.652780000000000000e+05 -2.934378000000000000e+06 6.567890000000000000e+05 5.831980000000000000e+05 7.168680000000000000e+05 7.390250000000000000e+05 -1.018298000000000000e+06
1.038097000000000000e+06 2.340952000000000000e+06 -4.328700000000000000e+05 -6.191090000000000000e+05 6.206928000000000000e+06 2.791950000000000000e+05 -1.423906000000000000e+06 1.401300000000000000e+05 -2.969900000000000000e+05 2.925220000000000000e+05 -3.597730000000000000e+05 -2.785751000000000000e+06 9.113170000000000000e+05 2.626310000000000000e+05 2.247368000000000000e+06 1.357798000000000000e+06 -2.305439000000000000e+06 -2.286991000000000000e+06 8.248760000000000000e+05 -3.183193000000000000e+06
-2.115403000000000000e+06 2.943550000000000000e+06 2.469469000000000000e+06 -1.750786000000000000e+06 2.791950000000000000e+05 7.068516000000000000e+06 1.661286000000000000e+06 -1.736848000000000000e+06 -7.048340000000000000e+05 -7.944210000000000000e+05 4.809700000000000000e+04 -2.392210000000000000e+06 -1.534101000000000000e+06 9.955450000000000000e+05 2.913001000000000000e+06 -1.665370000000000000e+06 2.781314000000000000e+06 1.170316000000000000e+06 1.622843000000000000e+06 2.108729000000000000e+06
-1.675454000000000000e+06 -2.972750000000000000e+05 -6.138000000000000000e+04 1.429616000000000000e+06 -1.423906000000000000e+06 1.661286000000000000e+06 6.159343000000000000e+06 4.254940000000000000e+05 -6.593060000000000000e+05 1.522898000000000000e+06 2.235240000000000000e+06 -2.757397000000000000e+06 -7.041160000000000000e+05 1.157375000000000000e+06 -5.845030000000000000e+05 -1.104661000000000000e+06 1.219868000000000000e+06 2.223826000000000000e+06 5.514620000000000000e+05 1.077915000000000000e+06
2.188215000000000000e+06 -2.498057000000000000e+06 6.804410000000000000e+05 1.939353000000000000e+06 1.401300000000000000e+05 -1.736848000000000000e+06 4.254940000000000000e+05 5.383923000000000000e+06 -1.963100000000000000e+04 -1.942288000000000000e+06 -1.171630000000000000e+05 -1.085455000000000000e+06 1.165447000000000000e+06 -1.439056000000000000e+06 -1.205646000000000000e+06 8.666600000000000000e+05 1.269146000000000000e+06 4.614170000000000000e+05 -1.785607000000000000e+06 -2.640023000000000000e+06
-1.027989000000000000e+06 2.228104000000000000e+06 1.361907000000000000e+06 -3.451340000000000000e+05 -2.969900000000000000e+05 -7.048340000000000000e+05 -6.593060000000000000e+05 -1.963100000000000000e+04 7.155566000000000000e+06 -3.316000000000000000e+04 1.305111000000000000e+06 1.010423000000000000e+06 1.449052000000000000e+06 3.206000000000000000e+04 9.086800000000000000e+04 -2.471770000000000000e+05 -8.882150000000000000e+05 -1.919429000000000000e+06 -1.346100000000000000e+04 -1.544858000000000000e+06
5.145730000000000000e+05 -3.150610000000000000e+05 -2.105709000000000000e+06 1.667409000000000000e+06 2.925220000000000000e+05 -7.944210000000000000e+05 1.522898000000000000e+06 -1.942288000000000000e+06 -3.316000000000000000e+04 5.977352000000000000e+06 4.103450000000000000e+05 -6.554240000000000000e+05 -7.483560000000000000e+05 9.228530000000000000e+05 -2.279360000000000000e+05 -8.278310000000000000e+05 -1.760821000000000000e+06 1.148761000000000000e+06 7.044260000000000000e+05 5.545500000000000000e+04
5.360870000000000000e+05 -9.639780000000000000e+05 6.308110000000000000e+05 8.380620000000000000e+05 -3.597730000000000000e+05 4.809700000000000000e+04 2.235240000000000000e+06 -1.171630000000000000e+05 1.305111000000000000e+06 4.103450000000000000e+05 6.017310000000000000e+06 -2.120758000000000000e+06 3.513200000000000000e+05 1.460508000000000000e+06 2.307930000000000000e+05 -1.776211000000000000e+06 2.320500000000000000e+05 2.070597000000000000e+06 -6.327900000000000000e+04 -7.652990000000000000e+05
-1.951409000000000000e+06 3.245690000000000000e+05 -2.110880000000000000e+06 -1.577111000000000000e+06 -2.785751000000000000e+06 -2.392210000000000000e+06 -2.757397000000000000e+06 -1.085455000000000000e+06 1.010423000000000000e+06 -6.554240000000000000e+05 -2.120758000000000000e+06 7.364558000000000000e+06 -1.077905000000000000e+06 -9.155680000000000000e+05 -1.108767000000000000e+06 4.486460000000000000e+05 -2.256690000000000000e+05 -8.658660000000000000e+05 -1.192124000000000000e+06 6.115120000000000000e+05
4.197390000000000000e+05 2.599600000000000000e+04 1.023825000000000000e+06 3.527800000000000000e+05 9.113170000000000000e+05 -1.534101000000000000e+06 -7.041160000000000000e+05 1.165447000000000000e+06 1.449052000000000000e+06 -7.483560000000000000e+05 3.513200000000000000e+05 -1.077905000000000000e+06 4.144473000000000000e+06 1.519030000000000000e+05 1.053800000000000000e+06 9.154620000000000000e+05 -2.599710000000000000e+05 -2.173233000000000000e+06 -3.007531000000000000e+06 -1.903619000000000000e+06
-2.049167000000000000e+06 1.444734000000000000e+06 -1.850762000000000000e+06 -5.652780000000000000e+05 2.626310000000000000e+05 9.955450000000000000e+05 1.157375000000000000e+06 -1.439056000000000000e+06 3.206000000000000000e+04 9.228530000000000000e+05 1.460508000000000000e+06 -9.155680000000000000e+05 1.519030000000000000e+05 5.544461000000000000e+06 2.614760000000000000e+05 1.617970000000000000e+06 -7.890050000000000000e+05 -5.226800000000000000e+05 1.265697000000000000e+06 1.458519000000000000e+06
2.574440000000000000e+05 3.457456000000000000e+06 9.287020000000000000e+05 -2.934378000000000000e+06 2.247368000000000000e+06 2.913001000000000000e+06 -5.845030000000000000e+05 -1.205646000000000000e+06 9.086800000000000000e+04 -2.279360000000000000e+05 2.307930000000000000e+05 -1.108767000000000000e+06 1.053800000000000000e+06 2.614760000000000000e+05 6.685989000000000000e+06 5.410560000000000000e+05 2.429260000000000000e+05 8.794950000000000000e+05 -9.389590000000000000e+05 -2.829560000000000000e+05
-4.299280000000000000e+05 4.611800000000000000e+05 -2.019441000000000000e+06 6.567890000000000000e+05 1.357798000000000000e+06 -1.665370000000000000e+06 -1.104661000000000000e+06 8.666600000000000000e+05 -2.471770000000000000e+05 -8.278310000000000000e+05 -1.776211000000000000e+06 4.486460000000000000e+05 9.154620000000000000e+05 1.617970000000000000e+06 5.410560000000000000e+05 7.858021000000000000e+06 7.226780000000000000e+05 -3.488848000000000000e+06 3.590000000000000000e+03 7.706500000000000000e+04
-6.159360000000000000e+05 -1.543941000000000000e+06 2.722333000000000000e+06 5.831980000000000000e+05 -2.305439000000000000e+06 2.781314000000000000e+06 1.219868000000000000e+06 1.269146000000000000e+06 -8.882150000000000000e+05 -1.760821000000000000e+06 2.320500000000000000e+05 -2.256690000000000000e+05 -2.599710000000000000e+05 -7.890050000000000000e+05 2.429260000000000000e+05 7.226780000000000000e+05 6.734387000000000000e+06 2.286056000000000000e+06 -5.199650000000000000e+05 2.376450000000000000e+06
-5.030620000000000000e+05 -1.681939000000000000e+06 1.724070000000000000e+05 7.168680000000000000e+05 -2.286991000000000000e+06 1.170316000000000000e+06 2.223826000000000000e+06 4.614170000000000000e+05 -1.919429000000000000e+06 1.148761000000000000e+06 2.070597000000000000e+06 -8.658660000000000000e+05 -2.173233000000000000e+06 -5.226800000000000000e+05 8.794950000000000000e+05 -3.488848000000000000e+06 2.286056000000000000e+06 8.723040000000000000e+06 -5.800070000000000000e+05 2.925141000000000000e+06
6.558970000000000000e+05 1.312778000000000000e+06 -3.204230000000000000e+05 7.390250000000000000e+05 8.248760000000000000e+05 1.622843000000000000e+06 5.514620000000000000e+05 -1.785607000000000000e+06 -1.346100000000000000e+04 7.044260000000000000e+05 -6.327900000000000000e+04 -1.192124000000000000e+06 -3.007531000000000000e+06 1.265697000000000000e+06 -9.389590000000000000e+05 3.590000000000000000e+03 -5.199650000000000000e+05 -5.800070000000000000e+05 6.392689000000000000e+06 6.815060000000000000e+05
-2.549152000000000000e+06 -4.083150000000000000e+05 -3.906000000000000000e+03 -1.018298000000000000e+06 -3.183193000000000000e+06 2.108729000000000000e+06 1.077915000000000000e+06 -2.640023000000000000e+06 -1.544858000000000000e+06 5.545500000000000000e+04 -7.652990000000000000e+05 6.115120000000000000e+05 -1.903619000000000000e+06 1.458519000000000000e+06 -2.829560000000000000e+05 7.706500000000000000e+04 2.376450000000000000e+06 2.925141000000000000e+06 6.815060000000000000e+05 6.574856000000000000e+06
