7.944034000000000000e+06 1.736280000000000000e+06 1.447292000000000000e+06 -1.930712000000000000e+06 -2.114837000000000000e+06 3.397100000000000000e+05 -1.860968000000000000e+06 1.160563000000000000e+06 6.237200000000000000e+05 -5.624270000000000000e+05 -8.642910000000000000e+05 2.080680000000000000e+05 7.687100000000000000e+04 -4.957230000000000000e+05 7.664300000000000000e+05 -2.616476000000000000e+06 -8.376010000000000000e+05 8.909730000000000000e+05 -7.652670000000000000e+05 -1.051000000000000000e+04
1.736280000000000000e+06 6.208983000000000000e+06 2.649972000000000000e+06 -6.435720000000000000e+05 -5.896400000000000000e+05 6.150330000000000000e+05 -2.076483000000000000e+06 1.050224000000000000e+06 2.129344000000000000e+06 -6.024960000000000000e+05 -1.138779000000000000e+06 -2.481945000000000000e+06 2.437465000000000000e+06 -9.943730000000000000e+05 8.057300000000000000e+04 1.086209000000000000e+06 3.399230000000000000e+05 -9.196510000000000000e+05 -1.080960000000000000e+06 -8.178000000000000000e+05
1.447292000000000000e+06 2.649972000000000000e+06 6.902253000000000000e+06 -4.082560000000000000e+05 -1.080860000000000000e+06 4.589430000000000000e+05 -2.145015000000000000e+06 3.179382000000000000e+06 1.735748000000000000e+06 -2.466181000000000000e+06 -8.748670000000000000e+05 -9.085640000000000000e+05 5.298118000000000000e+06 -7.058400000000000000e+05 2.390909000000000000e+06 -1.422360000000000000e+05 7.725160000000000000e+05 -1.762180000000000000e+06 8.810080000000000000e+05 3.023278000000000000e+06
-1.930712000000000000e+06 -6.435720000000000000e+05 -4.082560000000000000e+05 4.929745000000000000e+06 -9.452380000000000000e+05 -3.768340000000000000e+05 -1.223116000000000000e+06 -3.940170000000000000e+05 -7.062650000000000000e+05 -1.326419000000000000e+06 8.052600000000000000e+05 -1.280271000000000000e+06 -3.967260000000000000e+05 7.437900000000000000e+04 4.720760000000000000e+05 2.011380000000000000e+05 3.560910000000000000e+05 2.955810000000000000e+05 8.157000000000000000e+04 -8.256520000000000000e+05
-2.114837000000000000e+06 -5.896400000000000000e+05 -1.080860000000000000e+06 -9.452380000000000000e+05 8.212103000000000000e+06 -1.315072000000000000e+06 3.522600000000000000e+05 -9.918380000000000000e+05 -1.411260000000000000e+05 1.068937000000000000e+06 -1.568940000000000000e+06 -3.100960000000000000e+05 8.578180000000000000e+05 5.339120000000000000e+05 -1.639453000000000000e+06 1.361440000000000000e+05 1.819961000000000000e+06 6.601840000000000000e+05 1.033507000000000000e+06 3.739810000000000000e+05
3.397100000000000000e+05 6.150330000000000000e+05 4.589430000000000000e+05 -3.768340000000000000e+05 -1.315072000000000000e+06 9.700989000000000000e+06 -1.547880000000000000e+05 7.231380000000000000e+05 -2.137138000000000000e+06 -2.647370000000000000e+05 -1.118314000000000000e+06 9.577050000000000000e+05 -1.578815000000000000e+06 -1.825971000000000000e+06 7.833900000000000000e+05 -1.149356000000000000e+06 2.063316000000000000e+06 7.802690000000000000e+05 -1.993523000000000000e+06 1.208388000000000000e+06
-1.860968000000000000e+06 -2.076483000000000000e+06 -2.145015000000000000e+06 -1.223116000000000000e+06 3.522600000000000000e+05 -1.547880000000000000e+05 7.675991000000000000e+06 1.768495000000000000e+06 -1.958631000000000000e+06 5.702700000000000000e+05 4.861710000000000000e+05 7.038140000000000000e+05 -3.707876000000000000e+06 -7.879680000000000000e+05 -8.496440000000000000e+05 1.284738000000000000e+06 2.191640000000000000e+05 8.650600000000000000e+04 1.970140000000000000e+05 -1.683148000000000000e+06
1.160563000000000000e+06 1.050224000000000000e+06 3.179382000000000000e+06 -3.940170000000000000e+05 -9.918380000000000000e+05 7.231380000000000000e+05 1.768495000000000000e+06 5.864083000000000000e+06 9.851180000000000000e+05 3.059410000000000000e+05 1.045590000000000000e+06 -1.224500000000000000e+06 1.528650000000000000e+05 4.325370000000000000e+05 1.950580000000000000e+06 1.034498000000000000e+06 -5.355440000000000000e+05 -5.584550000000000000e+05 5.715950000000000000e+05 -1.740000000000000000e+03
6.237200000000000000e+05 2.129344000000000000e+06 1.735748000000000000e+06 -7.062650000000000000e+05 -1.411260000000000000e+05 -2.137138000000000000e+06 -1.958631000000000000e+06 9.851180000000000000e+05 5.263858000000000000e+06 1.163156000000000000e+06 9.140720000000000000e+05 -1.143827000000000000e+06 6.699780000000000000e+05 1.036479000000000000e+06 4.414360000000000000e+05 1.830388000000000000e+06 -1.620437000000000000e+06 -8.879060000000000000e+05 3.333010000000000000e+05 -2.006830000000000000e+05
-5.624270000000000000e+05 -6.024960000000000000e+05 -2.466181000000000000e+06 -1.326419000000000000e+06 1.068937000000000000e+06 -2.647370000000000000e+05 5.702700000000000000e+05 3.059410000000000000e+05 1.163156000000000000e+06 8.470624000000000000e+06 5.506440000000000000e+05 -1.765742000000000000e+06 -2.628899000000000000e+06 1.700375000000000000e+06 5.434490000000000000e+05 5.603440000000000000e+05 -1.852652000000000000e+06 1.270137000000000000e+06 1.238860000000000000e+05 -1.771648000000000000e+06
-8.642910000000000000e+05 -1.138779000000000000e+06 -8.748670000000000000e+05 8.052600000000000000e+05 -1.568940000000000000e+06 -1.118314000000000000e+06 4.861710000000000000e+05 1.045590000000000000e+06 9.140720000000000000e+05 5.506440000000000000e+05 4.025211000000000000e+06 -3.622700000000000000e+04 -1.590128000000000000e+06 1.395664000000000000e+06 4.105950000000000000e+05 1.588913000000000000e+06 -2.059831000000000000e+06 -1.030668000000000000e+06 -1.267300000000000000e+05 -1.480842000000000000e+06
2.080680000000000000e+05 -2.481945000000000000e+06 -9.085640000000000000e+05 -1.280271000000000000e+06 -3.100960000000000000e+05 9.577050000000000000e+05 7.038140000000000000e+05 -1.224500000000000000e+06 -1.143827000000000000e+06 -1.765742000000000000e+06 -3.622700000000000000e+04 6.960974000000000000e+06 4.951030000000000000e+05 9.561300000000000000e+05 1.293390000000000000e+05 -1.130002000000000000e+06 -1.906468000000000000e+06 2.122028000000000000e+06 -1.101541000000000000e+06 4.943300000000000000e+04
7.687100000000000000e+04 2.437465000000000000e+06 5.298118000000000000e+06 -3.967260000000000000e+05 8.578180000000000000e+05 -1.578815000000000000e+06 -3.707876000000000000e+06 1.528650000000000000e+05 6.699780000000000000e+05 -2.628899000000000000e+06 -1.590128000000000000e+06 4.951030000000000000e+05 8.998159000000000000e+06 -8.950780000000000000e+05 2.069652000000000000e+06 -3.608190000000000000e+05 5.915300000000000000e+05 5.748950000000000000e+05 5.368700000000000000e+04 1.954465000000000000e+06
-4.957230000000000000e+05 -9.943730000000000000e+05 -7.058400000000000000e+05 7.437900000000000000e+04 5.339120000000000000e+05 -1.825971000000000000e+06 -7.879680000000000000e+05 4.325370000000000000e+05 1.036479000000000000e+06 1.700375000000000000e+06 1.395664000000000000e+06 9.561300000000000000e+05 -8.950780000000000000e+05 6.550463000000000000e+06 -1.289495000000000000e+06 -1.736980000000000000e+06 -2.082070000000000000e+06 2.166608000000000000e+06 -8.016100000000000000e+04 -1.538180000000000000e+06
7.664300000000000000e+05 8.057300000000000000e+04 2.390909000000000000e+06 4.720760000000000000e+05 -1.639453000000000000e+06 7.833900000000000000e+05 -8.496440000000000000e+05 1.950580000000000000e+06 4.414360000000000000e+05 5.434490000000000000e+05 4.105950000000000000e+05 1.293390000000000000e+05 2.069652000000000000e+06 -1.289495000000000000e+06 5.541048000000000000e+06 2.664679000000000000e+06 -2.188066000000000000e+06 -1.096003000000000000e+06 2.350369000000000000e+06 5.893450000000000000e+05
-2.616476000000000000e+06 1.086209000000000000e+06 -1.422360000000000000e+05 2.011380000000000000e+05 1.361440000000000000e+05 -1.149356000000000000e+06 1.284738000000000000e+06 1.034498000000000000e+06 1.830388000000000000e+06 5.603440000000000000e+05 1.588913000000000000e+06 -1.130002000000000000e+06 -3.608190000000000000e+05 -1.736980000000000000e+06 2.664679000000000000e+06 6.741743000000000000e+06 -6.762090000000000000e+05 -3.020569000000000000e+06 1.820743000000000000e+06 3.446830000000000000e+05
-8.376010000000000000e+05 3.399230000000000000e+05 7.725160000000000000e+05 3.560910000000000000e+05 1.819961000000000000e+06 2.063316000000000000e+06 2.191640000000000000e+05 -5.355440000000000000e+05 -1.620437000000000000e+06 -1.852652000000000000e+06 -2.059831000000000000e+06 -1.906468000000000000e+06 5.915300000000000000e+05 -2.082070000000000000e+06 -2.188066000000000000e+06 -6.762090000000000000e+05 5.667712000000000000e+06 -8.482700000000000000e+05 -8.542300000000000000e+04 2.550193000000000000e+06
8.909730000000000000e+05 -9.196510000000000000e+05 -1.762180000000000000e+06 2.955810000000000000e+05 6.601840000000000000e+05 7.802690000000000000e+05 8.650600000000000000e+04 -5.584550000000000000e+05 -8.879060000000000000e+05 1.270137000000000000e+06 -1.030668000000000000e+06 2.122028000000000000e+06 5.748950000000000000e+05 2.166608000000000000e+06 -1.096003000000000000e+06 -3.020569000000000000e+06 -8.482700000000000000e+05 6.568399000000000000e+06 -1.746384000000000000e+06 -2.512726000000000000e+06
-7.652670000000000000e+05 -1.080960000000000000e+06 8.810080000000000000e+05 8.157000000000000000e+04 1.033507000000000000e+06 -1.993523000000000000e+06 1.970140000000000000e+05 5.715950000000000000e+05 3.333010000000000000e+05 1.238860000000000000e+05 -1.267300000000000000e+05 -1.101541000000000000e+06 5.368700000000000000e+04 -8.016100000000000000e+04 2.350369000000000000e+06 1.820743000000000000e+06 -8.542300000000000000e+04 -1.746384000000000000e+06 6.002652000000000000e+06 1.318794000000000000e+06
-1.051000000000000000e+04 -8.178000000000000000e+05 3.023278000000000000e+06 -8.256520000000000000e+05 3.739810000000000000e+05 1.208388000000000000e+06 -1.683148000000000000e+06 -1.740000000000000000e+03 -2.006830000000000000e+05 -1.771648000000000000e+06 -1.480842000000000000e+06 4.943300000000000000e+04 1.954465000000000000e+06 -1.538180000000000000e+06 5.893450000000000000e+05 3.446830000000000000e+05 2.550193000000000000e+06 -2.512726000000000000e+06 1.318794000000000000e+06 6.017827000000000000e+06
