8.617129000000000000e+06 -1.496173000000000000e+06 -1.585580000000000000e+05 1.196541000000000000e+06 -5.651320000000000000e+05 -5.770900000000000000e+05 2.014760000000000000e+05 -3.989310000000000000e+05 -7.807430000000000000e+05 1.243851000000000000e+06 -3.130147000000000000e+06 6.775470000000000000e+05 7.181830000000000000e+05 -2.090909000000000000e+06 -1.250838000000000000e+06 2.451720000000000000e+05 3.634869000000000000e+06 1.315360000000000000e+05 -3.154021000000000000e+06 -1.796080000000000000e+05
-1.496173000000000000e+06 8.082326000000000000e+06 -6.763430000000000000e+05 1.805592000000000000e+06 3.810405000000000000e+06 -5.188430000000000000e+05 5.533600000000000000e+05 5.876200000000000000e+04 -1.226238000000000000e+06 -3.807800000000000000e+05 -9.280240000000000000e+05 3.178750000000000000e+06 -5.468860000000000000e+05 -2.931720000000000000e+05 -1.999992000000000000e+06 -1.984631000000000000e+06 7.385890000000000000e+05 2.099170000000000000e+05 8.962340000000000000e+05 -4.128953000000000000e+06
-1.585580000000000000e+05 -6.763430000000000000e+05 7.069490000000000000e+06 1.570163000000000000e+06 1.827441000000000000e+06 4.479950000000000000e+05 1.616148000000000000e+06 -2.309460000000000000e+05 5.531670000000000000e+05 -1.056921000000000000e+06 4.867500000000000000e+04 4.648770000000000000e+05 1.921777000000000000e+06 6.671400000000000000e+04 -7.720200000000000000e+04 -1.980019000000000000e+06 -2.455881000000000000e+06 -8.423000000000000000e+04 -1.072034000000000000e+06 1.775939000000000000e+06
1.196541000000000000e+06 1.805592000000000000e+06 1.570163000000000000e+06 8.664222000000000000e+06 1.472650000000000000e+06 -7.546380000000000000e+05 9.814320000000000000e+05 7.558210000000000000e+05 -1.878765000000000000e+06 2.140454000000000000e+06 -2.459341000000000000e+06 2.873646000000000000e+06 1.291628000000000000e+06 1.866355000000000000e+06 -2.303620000000000000e+05 -9.072860000000000000e+05 -5.223300000000000000e+04 9.846370000000000000e+05 -9.855470000000000000e+05 -3.422338000000000000e+06
-5.651320000000000000e+05 3.810405000000000000e+06 1.827441000000000000e+06 1.472650000000000000e+06 5.657564000000000000e+06 3.900830000000000000e+05 2.164550000000000000e+05 3.761625000000000000e+06 -5.470770000000000000e+05 -1.271470000000000000e+06 -1.165610000000000000e+06 -3.624530000000000000e+05 -3.834830000000000000e+05 -5.195460000000000000e+05 -2.328938000000000000e+06 -9.913960000000000000e+05 -6.795890000000000000e+05 6.811020000000000000e+05 1.207778000000000000e+06 -1.373292000000000000e+06
-5.770900000000000000e+05 -5.188430000000000000e+05 4.479950000000000000e+05 -7.546380000000000000e+05 3.900830000000000000e+05 6.441593000000000000e+06 -1.096669000000000000e+06 -7.029930000000000000e+05 2.755140000000000000e+05 -7.600150000000000000e+05 -3.736700000000000000e+04 8.466590000000000000e+05 1.494646000000000000e+06 -4.942710000000000000e+05 -1.087520000000000000e+05 1.427837000000000000e+06 -1.836361000000000000e+06 7.850690000000000000e+05 -3.788750000000000000e+05 3.652230000000000000e+05
2.014760000000000000e+05 5.533600000000000000e+05 1.616148000000000000e+06 9.814320000000000000e+05 2.164550000000000000e+05 -1.096669000000000000e+06 6.775949000000000000e+06 4.582210000000000000e+05 -2.107890000000000000e+05 1.423158000000000000e+06 -3.181543000000000000e+06 1.105271000000000000e+06 9.418160000000000000e+05 -2.221431000000000000e+06 1.258433000000000000e+06 -2.863543000000000000e+06 -7.839080000000000000e+05 6.876170000000000000e+05 3.489980000000000000e+05 -4.631140000000000000e+05
-3.989310000000000000e+05 5.876200000000000000e+04 -2.309460000000000000e+05 7.558210000000000000e+05 3.761625000000000000e+06 -7.029930000000000000e+05 4.582210000000000000e+05 7.393086000000000000e+06 -6.056370000000000000e+05 -1.689500000000000000e+06 -1.263438000000000000e+06 -3.484544000000000000e+06 -9.752940000000000000e+05 -1.234652000000000000e+06 -6.296800000000000000e+05 -4.848800000000000000e+05 -2.804790000000000000e+05 1.469286000000000000e+06 1.176790000000000000e+06 2.212770000000000000e+05
-7.807430000000000000e+05 -1.226238000000000000e+06 5.531670000000000000e+05 -1.878765000000000000e+06 -5.470770000000000000e+05 2.755140000000000000e+05 -2.107890000000000000e+05 -6.056370000000000000e+05 5.925021000000000000e+06 -6.439790000000000000e+05 -4.036780000000000000e+05 -2.453170000000000000e+05 -1.612790000000000000e+05 6.737700000000000000e+05 6.025660000000000000e+05 -4.851430000000000000e+05 -1.844610000000000000e+05 -1.674196000000000000e+06 7.494000000000000000e+04 1.930197000000000000e+06
1.243851000000000000e+06 -3.807800000000000000e+05 -1.056921000000000000e+06 2.140454000000000000e+06 -1.271470000000000000e+06 -7.600150000000000000e+05 1.423158000000000000e+06 -1.689500000000000000e+06 -6.439790000000000000e+05 5.341652000000000000e+06 1.226661000000000000e+06 1.627960000000000000e+06 -1.309852000000000000e+06 -6.554140000000000000e+05 -4.094880000000000000e+05 1.637212000000000000e+06 -1.503500000000000000e+04 -4.703830000000000000e+05 2.254550000000000000e+05 -2.574377000000000000e+06
-3.130147000000000000e+06 -9.280240000000000000e+05 4.867500000000000000e+04 -2.459341000000000000e+06 -1.165610000000000000e+06 -3.736700000000000000e+04 -3.181543000000000000e+06 -1.263438000000000000e+06 -4.036780000000000000e+05 1.226661000000000000e+06 6.679233000000000000e+06 -1.270969000000000000e+06 -1.131875000000000000e+06 5.470050000000000000e+05 -6.855650000000000000e+05 2.674189000000000000e+06 -2.122224000000000000e+06 -5.951470000000000000e+05 4.829310000000000000e+05 7.505750000000000000e+05
6.775470000000000000e+05 3.178750000000000000e+06 4.648770000000000000e+05 2.873646000000000000e+06 -3.624530000000000000e+05 8.466590000000000000e+05 1.105271000000000000e+06 -3.484544000000000000e+06 -2.453170000000000000e+05 1.627960000000000000e+06 -1.270969000000000000e+06 7.010283000000000000e+06 -7.464270000000000000e+05 -7.219800000000000000e+05 -7.591040000000000000e+05 -2.361279000000000000e+06 1.234744000000000000e+06 1.420496000000000000e+06 -2.279702000000000000e+06 -2.109015000000000000e+06
7.181830000000000000e+05 -5.468860000000000000e+05 1.921777000000000000e+06 1.291628000000000000e+06 -3.834830000000000000e+05 1.494646000000000000e+06 9.418160000000000000e+05 -9.752940000000000000e+05 -1.612790000000000000e+05 -1.309852000000000000e+06 -1.131875000000000000e+06 -7.464270000000000000e+05 4.285968000000000000e+06 1.063041000000000000e+06 1.856870000000000000e+05 -5.579930000000000000e+05 -1.463210000000000000e+06 -1.001760000000000000e+05 -1.049443000000000000e+06 7.423130000000000000e+05
-2.090909000000000000e+06 -2.931720000000000000e+05 6.671400000000000000e+04 1.866355000000000000e+06 -5.195460000000000000e+05 -4.942710000000000000e+05 -2.221431000000000000e+06 -1.234652000000000000e+06 6.737700000000000000e+05 -6.554140000000000000e+05 5.470050000000000000e+05 -7.219800000000000000e+05 1.063041000000000000e+06 8.459126000000000000e+06 -7.675820000000000000e+05 -3.919990000000000000e+05 4.190490000000000000e+05 -8.832990000000000000e+05 1.109113000000000000e+06 5.740000000000000000e+02
-1.250838000000000000e+06 -1.999992000000000000e+06 -7.720200000000000000e+04 -2.303620000000000000e+05 -2.328938000000000000e+06 -1.087520000000000000e+05 1.258433000000000000e+06 -6.296800000000000000e+05 6.025660000000000000e+05 -4.094880000000000000e+05 -6.855650000000000000e+05 -7.591040000000000000e+05 1.856870000000000000e+05 -7.675820000000000000e+05 6.057726000000000000e+06 6.906100000000000000e+04 6.671470000000000000e+05 -7.057020000000000000e+05 5.817520000000000000e+05 1.361080000000000000e+05
2.451720000000000000e+05 -1.984631000000000000e+06 -1.980019000000000000e+06 -9.072860000000000000e+05 -9.913960000000000000e+05 1.427837000000000000e+06 -2.863543000000000000e+06 -4.848800000000000000e+05 -4.851430000000000000e+05 1.637212000000000000e+06 2.674189000000000000e+06 -2.361279000000000000e+06 -5.579930000000000000e+05 -3.919990000000000000e+05 6.906100000000000000e+04 5.884674000000000000e+06 -2.548080000000000000e+05 -2.180932000000000000e+06 1.253944000000000000e+06 2.678080000000000000e+05
3.634869000000000000e+06 7.385890000000000000e+05 -2.455881000000000000e+06 -5.223300000000000000e+04 -6.795890000000000000e+05 -1.836361000000000000e+06 -7.839080000000000000e+05 -2.804790000000000000e+05 -1.844610000000000000e+05 -1.503500000000000000e+04 -2.122224000000000000e+06 1.234744000000000000e+06 -1.463210000000000000e+06 4.190490000000000000e+05 6.671470000000000000e+05 -2.548080000000000000e+05 6.013217000000000000e+06 7.546640000000000000e+05 -1.343822000000000000e+06 -1.108414000000000000e+06
1.315360000000000000e+05 2.099170000000000000e+05 -8.423000000000000000e+04 9.846370000000000000e+05 6.811020000000000000e+05 7.850690000000000000e+05 6.876170000000000000e+05 1.469286000000000000e+06 -1.674196000000000000e+06 -4.703830000000000000e+05 -5.951470000000000000e+05 1.420496000000000000e+06 -1.001760000000000000e+05 -8.832990000000000000e+05 -7.057020000000000000e+05 -2.180932000000000000e+06 7.546640000000000000e+05 5.968872000000000000e+06 -2.077270000000000000e+06 -2.112780000000000000e+05
-3.154021000000000000e+06 8.962340000000000000e+05 -1.072034000000000000e+06 -9.855470000000000000e+05 1.207778000000000000e+06 -3.788750000000000000e+05 3.489980000000000000e+05 1.176790000000000000e+06 7.494000000000000000e+04 2.254550000000000000e+05 4.829310000000000000e+05 -2.279702000000000000e+06 -1.049443000000000000e+06 1.109113000000000000e+06 5.817520000000000000e+05 1.253944000000000000e+06 -1.343822000000000000e+06 -2.077270000000000000e+06 4.397911000000000000e+06 -1.746886000000000000e+06
-1.796080000000000000e+05 -4.128953000000000000e+06 1.775939000000000000e+06 -3.422338000000000000e+06 -1.373292000000000000e+06 3.652230000000000000e+05 -4.631140000000000000e+05 2.212770000000000000e+05 1.930197000000000000e+06 -2.574377000000000000e+06 7.505750000000000000e+05 -2.109015000000000000e+06 7.423130000000000000e+05 5.740000000000000000e+02 1.361080000000000000e+05 2.678080000000000000e+05 -1.108414000000000000e+06 -2.112780000000000000e+05 -1.746886000000000000e+06 6.001880000000000000e+06
