6.660646000000000000e+06 -9.892900000000000000e+05 -7.499460000000000000e+05 -2.365063000000000000e+06 -2.376360000000000000e+05 3.922290000000000000e+05 6.637400000000000000e+04 -2.110659000000000000e+06 2.729529000000000000e+06 -1.615116000000000000e+06 7.349720000000000000e+05 -1.504235000000000000e+06 -1.230303000000000000e+06 2.230120000000000000e+05 -7.377310000000000000e+05 1.164100000000000000e+06 1.715143000000000000e+06 -7.564640000000000000e+05 -1.340348000000000000e+06 -2.275794000000000000e+06
-9.892900000000000000e+05 8.357640000000000000e+06 -1.893892000000000000e+06 -9.055720000000000000e+05 -4.771500000000000000e+05 -2.345140000000000000e+05 4.066620000000000000e+05 2.075937000000000000e+06 -3.276704000000000000e+06 -1.306450000000000000e+05 -6.426326000000000000e+06 2.877273000000000000e+06 -9.043560000000000000e+05 -2.189688000000000000e+06 3.352800000000000000e+06 2.273020000000000000e+05 -1.519670000000000000e+05 8.883990000000000000e+05 -2.885370000000000000e+05 4.132460000000000000e+05
-7.499460000000000000e+05 -1.893892000000000000e+06 7.447638000000000000e+06 1.172086000000000000e+06 -1.572630000000000000e+05 -1.183882000000000000e+06 -7.750380000000000000e+05 -2.026116000000000000e+06 3.264070000000000000e+05 3.316920000000000000e+06 2.097651000000000000e+06 -2.488881000000000000e+06 -1.475940000000000000e+05 8.850050000000000000e+05 -1.633430000000000000e+06 2.100113000000000000e+06 -8.474500000000000000e+05 -4.192200000000000000e+04 9.057750000000000000e+05 2.114270000000000000e+06
-2.365063000000000000e+06 -9.055720000000000000e+05 1.172086000000000000e+06 4.875319000000000000e+06 8.487600000000000000e+04 -7.179480000000000000e+05 3.661650000000000000e+05 6.860800000000000000e+05 -3.740970000000000000e+05 1.299772000000000000e+06 5.535420000000000000e+05 -3.958590000000000000e+05 1.864949000000000000e+06 1.976425000000000000e+06 3.965490000000000000e+05 -1.222002000000000000e+06 -1.147926000000000000e+06 -1.494110000000000000e+06 1.864728000000000000e+06 7.674820000000000000e+05
-2.376360000000000000e+05 -4.771500000000000000e+05 -1.572630000000000000e+05 8.487600000000000000e+04 5.528676000000000000e+06 5.664660000000000000e+05 -1.411283000000000000e+06 -9.365100000000000000e+04 4.792570000000000000e+05 5.866050000000000000e+05 2.107333000000000000e+06 9.772780000000000000e+05 4.382980000000000000e+05 8.148980000000000000e+05 4.096230000000000000e+05 -9.808760000000000000e+05 4.024520000000000000e+05 -1.355793000000000000e+06 8.402340000000000000e+05 -1.517984000000000000e+06
3.922290000000000000e+05 -2.345140000000000000e+05 -1.183882000000000000e+06 -7.179480000000000000e+05 5.664660000000000000e+05 7.283525000000000000e+06 1.949925000000000000e+06 -1.357489000000000000e+06 4.311346000000000000e+06 -1.128571000000000000e+06 2.648940000000000000e+05 -2.437910000000000000e+06 -4.770710000000000000e+05 -2.783638000000000000e+06 -1.075413000000000000e+06 1.921748000000000000e+06 1.696990000000000000e+05 6.124960000000000000e+05 -8.434640000000000000e+05 2.208156000000000000e+06
6.637400000000000000e+04 4.066620000000000000e+05 -7.750380000000000000e+05 3.661650000000000000e+05 -1.411283000000000000e+06 1.949925000000000000e+06 4.732008000000000000e+06 -7.612880000000000000e+05 3.158751000000000000e+06 9.148700000000000000e+05 -2.053510000000000000e+06 -2.328548000000000000e+06 8.829440000000000000e+05 -6.331360000000000000e+05 -1.483771000000000000e+06 1.079758000000000000e+06 1.127595000000000000e+06 1.059975000000000000e+06 -2.088323000000000000e+06 1.838618000000000000e+06
-2.110659000000000000e+06 2.075937000000000000e+06 -2.026116000000000000e+06 6.860800000000000000e+05 -9.365100000000000000e+04 -1.357489000000000000e+06 -7.612880000000000000e+05 4.480528000000000000e+06 -3.679120000000000000e+06 -1.244001000000000000e+06 -1.098996000000000000e+06 1.828803000000000000e+06 7.714190000000000000e+05 3.541150000000000000e+05 1.873212000000000000e+06 -1.962043000000000000e+06 -8.391850000000000000e+05 2.107660000000000000e+05 6.234110000000000000e+05 -1.025490000000000000e+06
2.729529000000000000e+06 -3.276704000000000000e+06 3.264070000000000000e+05 -3.740970000000000000e+05 4.792570000000000000e+05 4.311346000000000000e+06 3.158751000000000000e+06 -3.679120000000000000e+06 1.077028000000000000e+07 9.919600000000000000e+04 2.367108000000000000e+06 -3.486393000000000000e+06 1.560533000000000000e+06 -7.601360000000000000e+05 -3.997824000000000000e+06 2.514895000000000000e+06 2.194623000000000000e+06 1.659768000000000000e+06 -2.500467000000000000e+06 2.623400000000000000e+05
-1.615116000000000000e+06 -1.306450000000000000e+05 3.316920000000000000e+06 1.299772000000000000e+06 5.866050000000000000e+05 -1.128571000000000000e+06 9.148700000000000000e+05 -1.244001000000000000e+06 9.919600000000000000e+04 7.326737000000000000e+06 -1.039717000000000000e+06 -1.614931000000000000e+06 -3.230830000000000000e+05 3.836670000000000000e+05 -7.112990000000000000e+05 -2.566050000000000000e+05 -2.440800000000000000e+04 -1.150960000000000000e+06 -7.062540000000000000e+05 1.114670000000000000e+06
7.349720000000000000e+05 -6.426326000000000000e+06 2.097651000000000000e+06 5.535420000000000000e+05 2.107333000000000000e+06 2.648940000000000000e+05 -2.053510000000000000e+06 -1.098996000000000000e+06 2.367108000000000000e+06 -1.039717000000000000e+06 7.338089000000000000e+06 -1.358002000000000000e+06 1.474082000000000000e+06 2.445715000000000000e+06 -2.758585000000000000e+06 -6.930550000000000000e+05 1.423040000000000000e+05 -9.199690000000000000e+05 4.668900000000000000e+04 -1.125817000000000000e+06
-1.504235000000000000e+06 2.877273000000000000e+06 -2.488881000000000000e+06 -3.958590000000000000e+05 9.772780000000000000e+05 -2.437910000000000000e+06 -2.328548000000000000e+06 1.828803000000000000e+06 -3.486393000000000000e+06 -1.614931000000000000e+06 -1.358002000000000000e+06 4.797302000000000000e+06 3.840100000000000000e+05 -6.859460000000000000e+05 2.529067000000000000e+06 -1.097277000000000000e+06 -1.512891000000000000e+06 -7.920260000000000000e+05 1.142754000000000000e+06 -1.369486000000000000e+06
-1.230303000000000000e+06 -9.043560000000000000e+05 -1.475940000000000000e+05 1.864949000000000000e+06 4.382980000000000000e+05 -4.770710000000000000e+05 8.829440000000000000e+05 7.714190000000000000e+05 1.560533000000000000e+06 -3.230830000000000000e+05 1.474082000000000000e+06 3.840100000000000000e+05 6.371902000000000000e+06 2.232354000000000000e+06 -1.394197000000000000e+06 1.418120000000000000e+05 3.450930000000000000e+05 -2.167800000000000000e+05 -1.152580000000000000e+05 1.094583000000000000e+06
2.230120000000000000e+05 -2.189688000000000000e+06 8.850050000000000000e+05 1.976425000000000000e+06 8.148980000000000000e+05 -2.783638000000000000e+06 -6.331360000000000000e+05 3.541150000000000000e+05 -7.601360000000000000e+05 3.836670000000000000e+05 2.445715000000000000e+06 -6.859460000000000000e+05 2.232354000000000000e+06 6.887369000000000000e+06 3.299220000000000000e+05 -2.722870000000000000e+06 2.678282000000000000e+06 -1.440547000000000000e+06 1.855800000000000000e+05 -1.731028000000000000e+06
-7.377310000000000000e+05 3.352800000000000000e+06 -1.633430000000000000e+06 3.965490000000000000e+05 4.096230000000000000e+05 -1.075413000000000000e+06 -1.483771000000000000e+06 1.873212000000000000e+06 -3.997824000000000000e+06 -7.112990000000000000e+05 -2.758585000000000000e+06 2.529067000000000000e+06 -1.394197000000000000e+06 3.299220000000000000e+05 4.454815000000000000e+06 -4.908450000000000000e+05 -8.690690000000000000e+05 -1.820889000000000000e+06 1.439163000000000000e+06 -1.374742000000000000e+06
1.164100000000000000e+06 2.273020000000000000e+05 2.100113000000000000e+06 -1.222002000000000000e+06 -9.808760000000000000e+05 1.921748000000000000e+06 1.079758000000000000e+06 -1.962043000000000000e+06 2.514895000000000000e+06 -2.566050000000000000e+05 -6.930550000000000000e+05 -1.097277000000000000e+06 1.418120000000000000e+05 -2.722870000000000000e+06 -4.908450000000000000e+05 5.496735000000000000e+06 -4.330720000000000000e+05 9.360370000000000000e+05 -6.349620000000000000e+05 2.168036000000000000e+06
1.715143000000000000e+06 -1.519670000000000000e+05 -8.474500000000000000e+05 -1.147926000000000000e+06 4.024520000000000000e+05 1.696990000000000000e+05 1.127595000000000000e+06 -8.391850000000000000e+05 2.194623000000000000e+06 -2.440800000000000000e+04 1.423040000000000000e+05 -1.512891000000000000e+06 3.450930000000000000e+05 2.678282000000000000e+06 -8.690690000000000000e+05 -4.330720000000000000e+05 5.488614000000000000e+06 1.382695000000000000e+06 -2.996878000000000000e+06 -1.655552000000000000e+06
-7.564640000000000000e+05 8.883990000000000000e+05 -4.192200000000000000e+04 -1.494110000000000000e+06 -1.355793000000000000e+06 6.124960000000000000e+05 1.059975000000000000e+06 2.107660000000000000e+05 1.659768000000000000e+06 -1.150960000000000000e+06 -9.199690000000000000e+05 -7.920260000000000000e+05 -2.167800000000000000e+05 -1.440547000000000000e+06 -1.820889000000000000e+06 9.360370000000000000e+05 1.382695000000000000e+06 5.566801000000000000e+06 -1.127981000000000000e+06 1.299426000000000000e+06
-1.340348000000000000e+06 -2.885370000000000000e+05 9.057750000000000000e+05 1.864728000000000000e+06 8.402340000000000000e+05 -8.434640000000000000e+05 -2.088323000000000000e+06 6.234110000000000000e+05 -2.500467000000000000e+06 -7.062540000000000000e+05 4.668900000000000000e+04 1.142754000000000000e+06 -1.152580000000000000e+05 1.855800000000000000e+05 1.439163000000000000e+06 -6.349620000000000000e+05 -2.996878000000000000e+06 -1.127981000000000000e+06 5.016140000000000000e+06 9.554740000000000000e+05
-2.275794000000000000e+06 4.132460000000000000e+05 2.114270000000000000e+06 7.674820000000000000e+05 -1.517984000000000000e+06 2.208156000000000000e+06 1.838618000000000000e+06 -1.025490000000000000e+06 2.623400000000000000e+05 1.114670000000000000e+06 -1.125817000000000000e+06 -1.369486000000000000e+06 1.094583000000000000e+06 -1.731028000000000000e+06 -1.374742000000000000e+06 2.168036000000000000e+06 -1.655552000000000000e+06 1.299426000000000000e+06 9.554740000000000000e+05 4.738866000000000000e+06
