8.044271000000000000e+06 1.195870000000000000e+06 -2.930659000000000000e+06 -4.505706000000000000e+06 1.477376000000000000e+06 7.759690000000000000e+05 -6.665410000000000000e+05 5.880180000000000000e+05 -1.750958000000000000e+06 6.358280000000000000e+05 -3.214349000000000000e+06 -2.069167000000000000e+06 4.290400000000000000e+04 2.076738000000000000e+06 2.183267000000000000e+06 1.552030000000000000e+05 4.615443000000000000e+06 -3.527830000000000000e+05 2.455910000000000000e+05 2.795090000000000000e+05
1.195870000000000000e+06 6.826673000000000000e+06 1.986896000000000000e+06 -1.532313000000000000e+06 1.217935000000000000e+06 5.972470000000000000e+05 -1.523150000000000000e+05 8.326900000000000000e+05 -4.249200000000000000e+04 -2.183091000000000000e+06 -2.884130000000000000e+05 -2.450670000000000000e+05 1.583835000000000000e+06 -6.220160000000000000e+05 7.303560000000000000e+05 2.693349000000000000e+06 2.481385000000000000e+06 1.357290000000000000e+06 8.736260000000000000e+05 1.885800000000000000e+05
-2.930659000000000000e+06 1.986896000000000000e+06 7.433507000000000000e+06 5.424010000000000000e+05 1.299510000000000000e+05 -1.976378000000000000e+06 1.023533000000000000e+06 7.225730000000000000e+05 2.547771000000000000e+06 -4.291030000000000000e+05 2.066270000000000000e+06 -5.318450000000000000e+05 2.068939000000000000e+06 -3.117518000000000000e+06 -1.652662000000000000e+06 -1.267980000000000000e+06 -2.181834000000000000e+06 7.963590000000000000e+05 7.277300000000000000e+04 1.382846000000000000e+06
-4.505706000000000000e+06 -1.532313000000000000e+06 5.424010000000000000e+05 4.824702000000000000e+06 -4.479230000000000000e+05 -2.254600000000000000e+05 5.000000000000000000e+02 -1.689190000000000000e+05 -6.347610000000000000e+05 -3.634820000000000000e+05 2.084095000000000000e+06 2.152159000000000000e+06 -7.143470000000000000e+05 -1.064014000000000000e+06 -1.431558000000000000e+06 -2.087030000000000000e+05 -3.294494000000000000e+06 1.262640000000000000e+06 5.267900000000000000e+05 -2.941770000000000000e+05
1.477376000000000000e+06 1.217935000000000000e+06 1.299510000000000000e+05 -4.479230000000000000e+05 5.429176000000000000e+06 -5.262240000000000000e+05 4.345110000000000000e+05 -7.300380000000000000e+05 -1.087758000000000000e+06 1.648573000000000000e+06 -3.568160000000000000e+05 3.593210000000000000e+05 -5.355490000000000000e+05 8.454270000000000000e+05 -7.573840000000000000e+05 -1.820500000000000000e+04 7.970160000000000000e+05 6.360720000000000000e+05 2.129090000000000000e+05 -8.835250000000000000e+05
7.759690000000000000e+05 5.972470000000000000e+05 -1.976378000000000000e+06 -2.254600000000000000e+05 -5.262240000000000000e+05 5.791592000000000000e+06 4.793790000000000000e+05 5.719340000000000000e+05 -2.865525000000000000e+06 -3.012126000000000000e+06 -1.227717000000000000e+06 3.153120000000000000e+05 -1.378652000000000000e+06 1.956730000000000000e+05 2.994250000000000000e+05 7.948900000000000000e+04 1.863595000000000000e+06 1.918283000000000000e+06 3.856700000000000000e+05 1.630370000000000000e+05
-6.665410000000000000e+05 -1.523150000000000000e+05 1.023533000000000000e+06 5.000000000000000000e+02 4.345110000000000000e+05 4.793790000000000000e+05 8.863118000000000000e+06 -4.106320000000000000e+05 -3.951310000000000000e+05 1.719756000000000000e+06 9.405500000000000000e+04 -1.206400000000000000e+04 2.161627000000000000e+06 -1.272849000000000000e+06 9.529550000000000000e+05 -9.687040000000000000e+05 -1.029121000000000000e+06 -1.880460000000000000e+05 -1.835310000000000000e+06 1.195662000000000000e+06
5.880180000000000000e+05 8.326900000000000000e+05 7.225730000000000000e+05 -1.689190000000000000e+05 -7.300380000000000000e+05 5.719340000000000000e+05 -4.106320000000000000e+05 5.232539000000000000e+06 9.668500000000000000e+04 -7.574880000000000000e+05 2.103307000000000000e+06 1.016788000000000000e+06 1.587510000000000000e+05 1.330319000000000000e+06 9.301150000000000000e+05 1.576390000000000000e+05 -7.008930000000000000e+05 6.699080000000000000e+05 -5.280260000000000000e+05 2.330100000000000000e+04
-1.750958000000000000e+06 -4.249200000000000000e+04 2.547771000000000000e+06 -6.347610000000000000e+05 -1.087758000000000000e+06 -2.865525000000000000e+06 -3.951310000000000000e+05 9.668500000000000000e+04 7.292221000000000000e+06 -3.766840000000000000e+05 2.289664000000000000e+06 -4.597260000000000000e+05 3.209254000000000000e+06 -1.657718000000000000e+06 -9.778560000000000000e+05 -4.511200000000000000e+05 -2.046584000000000000e+06 -1.542830000000000000e+05 4.021090000000000000e+05 -2.609457000000000000e+06
6.358280000000000000e+05 -2.183091000000000000e+06 -4.291030000000000000e+05 -3.634820000000000000e+05 1.648573000000000000e+06 -3.012126000000000000e+06 1.719756000000000000e+06 -7.574880000000000000e+05 -3.766840000000000000e+05 5.517507000000000000e+06 2.591440000000000000e+05 -2.710990000000000000e+05 5.419220000000000000e+05 -3.114110000000000000e+05 -5.994900000000000000e+04 -8.510390000000000000e+05 -9.718130000000000000e+05 -2.316025000000000000e+06 -7.317800000000000000e+05 4.206720000000000000e+05
-3.214349000000000000e+06 -2.884130000000000000e+05 2.066270000000000000e+06 2.084095000000000000e+06 -3.568160000000000000e+05 -1.227717000000000000e+06 9.405500000000000000e+04 2.103307000000000000e+06 2.289664000000000000e+06 2.591440000000000000e+05 4.693830000000000000e+06 1.212363000000000000e+06 1.442319000000000000e+06 -2.002295000000000000e+06 -1.177973000000000000e+06 4.280390000000000000e+05 -4.017783000000000000e+06 -7.226610000000000000e+05 1.396844000000000000e+06 -1.429108000000000000e+06
-2.069167000000000000e+06 -2.450670000000000000e+05 -5.318450000000000000e+05 2.152159000000000000e+06 3.593210000000000000e+05 3.153120000000000000e+05 -1.206400000000000000e+04 1.016788000000000000e+06 -4.597260000000000000e+05 -2.710990000000000000e+05 1.212363000000000000e+06 5.264851000000000000e+06 -3.726084000000000000e+06 3.720100000000000000e+05 -2.053381000000000000e+06 -1.106560000000000000e+05 -2.726207000000000000e+06 3.038537000000000000e+06 -4.359180000000000000e+05 1.671100000000000000e+05
4.290400000000000000e+04 1.583835000000000000e+06 2.068939000000000000e+06 -7.143470000000000000e+05 -5.355490000000000000e+05 -1.378652000000000000e+06 2.161627000000000000e+06 1.587510000000000000e+05 3.209254000000000000e+06 5.419220000000000000e+05 1.442319000000000000e+06 -3.726084000000000000e+06 7.745966000000000000e+06 -2.774672000000000000e+06 1.448047000000000000e+06 -1.915740000000000000e+05 6.046270000000000000e+05 -2.295020000000000000e+06 5.365140000000000000e+05 -2.148538000000000000e+06
2.076738000000000000e+06 -6.220160000000000000e+05 -3.117518000000000000e+06 -1.064014000000000000e+06 8.454270000000000000e+05 1.956730000000000000e+05 -1.272849000000000000e+06 1.330319000000000000e+06 -1.657718000000000000e+06 -3.114110000000000000e+05 -2.002295000000000000e+06 3.720100000000000000e+05 -2.774672000000000000e+06 5.182537000000000000e+06 2.441813000000000000e+06 -1.424570000000000000e+05 2.687155000000000000e+06 7.119700000000000000e+04 -1.729856000000000000e+06 -3.318470000000000000e+05
2.183267000000000000e+06 7.303560000000000000e+05 -1.652662000000000000e+06 -1.431558000000000000e+06 -7.573840000000000000e+05 2.994250000000000000e+05 9.529550000000000000e+05 9.301150000000000000e+05 -9.778560000000000000e+05 -5.994900000000000000e+04 -1.177973000000000000e+06 -2.053381000000000000e+06 1.448047000000000000e+06 2.441813000000000000e+06 4.588830000000000000e+06 5.511600000000000000e+04 2.930576000000000000e+06 -2.450887000000000000e+06 -9.732480000000000000e+05 4.805860000000000000e+05
1.552030000000000000e+05 2.693349000000000000e+06 -1.267980000000000000e+06 -2.087030000000000000e+05 -1.820500000000000000e+04 7.948900000000000000e+04 -9.687040000000000000e+05 1.576390000000000000e+05 -4.511200000000000000e+05 -8.510390000000000000e+05 4.280390000000000000e+05 -1.106560000000000000e+05 -1.915740000000000000e+05 -1.424570000000000000e+05 5.511600000000000000e+04 4.727564000000000000e+06 -7.498000000000000000e+03 -1.101766000000000000e+06 -5.224600000000000000e+04 -7.302200000000000000e+05
4.615443000000000000e+06 2.481385000000000000e+06 -2.181834000000000000e+06 -3.294494000000000000e+06 7.970160000000000000e+05 1.863595000000000000e+06 -1.029121000000000000e+06 -7.008930000000000000e+05 -2.046584000000000000e+06 -9.718130000000000000e+05 -4.017783000000000000e+06 -2.726207000000000000e+06 6.046270000000000000e+05 2.687155000000000000e+06 2.930576000000000000e+06 -7.498000000000000000e+03 6.968219000000000000e+06 1.871600000000000000e+05 -6.312700000000000000e+04 -2.843900000000000000e+04
-3.527830000000000000e+05 1.357290000000000000e+06 7.963590000000000000e+05 1.262640000000000000e+06 6.360720000000000000e+05 1.918283000000000000e+06 -1.880460000000000000e+05 6.699080000000000000e+05 -1.542830000000000000e+05 -2.316025000000000000e+06 -7.226610000000000000e+05 3.038537000000000000e+06 -2.295020000000000000e+06 7.119700000000000000e+04 -2.450887000000000000e+06 -1.101766000000000000e+06 1.871600000000000000e+05 8.188233000000000000e+06 1.448776000000000000e+06 1.092967000000000000e+06
2.455910000000000000e+05 8.736260000000000000e+05 7.277300000000000000e+04 5.267900000000000000e+05 2.129090000000000000e+05 3.856700000000000000e+05 -1.835310000000000000e+06 -5.280260000000000000e+05 4.021090000000000000e+05 -7.317800000000000000e+05 1.396844000000000000e+06 -4.359180000000000000e+05 5.365140000000000000e+05 -1.729856000000000000e+06 -9.732480000000000000e+05 -5.224600000000000000e+04 -6.312700000000000000e+04 1.448776000000000000e+06 4.525597000000000000e+06 1.074800000000000000e+05
2.795090000000000000e+05 1.885800000000000000e+05 1.382846000000000000e+06 -2.941770000000000000e+05 -8.835250000000000000e+05 1.630370000000000000e+05 1.195662000000000000e+06 2.330100000000000000e+04 -2.609457000000000000e+06 4.206720000000000000e+05 -1.429108000000000000e+06 1.671100000000000000e+05 -2.148538000000000000e+06 -3.318470000000000000e+05 4.805860000000000000e+05 -7.302200000000000000e+05 -2.843900000000000000e+04 1.092967000000000000e+06 1.074800000000000000e+05 6.711445000000000000e+06
