5.752996000000000000e+06 -9.795850000000000000e+05 2.735525000000000000e+06 1.055719000000000000e+06 -1.389929000000000000e+06 1.978398000000000000e+06 -1.802500000000000000e+05 -1.546525000000000000e+06 1.204529000000000000e+06 -4.891820000000000000e+05 -1.288009000000000000e+06 -6.059370000000000000e+05 -1.001135000000000000e+06 2.488400000000000000e+04 -1.866336000000000000e+06 -4.326790000000000000e+05 3.323840000000000000e+05 9.852260000000000000e+05 7.867750000000000000e+05 1.240904000000000000e+06
-9.795850000000000000e+05 7.609538000000000000e+06 -2.177232000000000000e+06 -1.807414000000000000e+06 2.830633000000000000e+06 -1.225462000000000000e+06 6.051320000000000000e+05 -2.772829000000000000e+06 1.786300000000000000e+04 1.423420000000000000e+05 -3.733160000000000000e+05 5.456180000000000000e+05 -8.826890000000000000e+05 9.687400000000000000e+04 2.667919000000000000e+06 8.343370000000000000e+05 2.215679000000000000e+06 1.991068000000000000e+06 1.449948000000000000e+06 2.124910000000000000e+05
2.735525000000000000e+06 -2.177232000000000000e+06 6.633332000000000000e+06 7.052240000000000000e+05 -2.858820000000000000e+05 -5.712990000000000000e+05 -2.124755000000000000e+06 9.566800000000000000e+04 1.021240000000000000e+05 6.044520000000000000e+05 -4.646520000000000000e+05 2.321160000000000000e+05 1.770320000000000000e+05 -1.129868000000000000e+06 -1.873900000000000000e+05 6.445390000000000000e+05 1.504712000000000000e+06 1.238069000000000000e+06 -8.352800000000000000e+05 4.786430000000000000e+05
1.055719000000000000e+06 -1.807414000000000000e+06 7.052240000000000000e+05 9.844610000000000000e+06 -1.956794000000000000e+06 2.871037000000000000e+06 -1.369146000000000000e+06 1.468278000000000000e+06 2.209766000000000000e+06 -1.628007000000000000e+06 -1.121671000000000000e+06 2.542213000000000000e+06 3.095538000000000000e+06 -6.451650000000000000e+05 -2.920851000000000000e+06 6.129620000000000000e+05 5.070830000000000000e+05 5.672960000000000000e+05 1.433421000000000000e+06 2.119480000000000000e+06
-1.389929000000000000e+06 2.830633000000000000e+06 -2.858820000000000000e+05 -1.956794000000000000e+06 7.942062000000000000e+06 -1.214738000000000000e+06 -2.961664000000000000e+06 3.931670000000000000e+05 2.550929000000000000e+06 1.698222000000000000e+06 8.004970000000000000e+05 1.926320000000000000e+05 1.446505000000000000e+06 -2.719368000000000000e+06 1.126660000000000000e+06 -5.377130000000000000e+05 -9.026400000000000000e+05 -5.168400000000000000e+04 -7.201260000000000000e+05 7.266790000000000000e+05
1.978398000000000000e+06 -1.225462000000000000e+06 -5.712990000000000000e+05 2.871037000000000000e+06 -1.214738000000000000e+06 1.011470100000000000e+07 5.128120000000000000e+05 -4.749220000000000000e+05 1.634631000000000000e+06 -8.153670000000000000e+05 -6.261170000000000000e+05 -8.337450000000000000e+05 3.149750000000000000e+05 -1.707987000000000000e+06 -2.559079000000000000e+06 3.770800000000000000e+05 -2.572900000000000000e+06 -1.310384000000000000e+06 -9.820450000000000000e+05 3.522477000000000000e+06
-1.802500000000000000e+05 6.051320000000000000e+05 -2.124755000000000000e+06 -1.369146000000000000e+06 -2.961664000000000000e+06 5.128120000000000000e+05 5.554177000000000000e+06 -2.114029000000000000e+06 -1.712649000000000000e+06 -5.654000000000000000e+03 6.128800000000000000e+05 -9.452620000000000000e+05 -2.818623000000000000e+06 3.294600000000000000e+06 1.125638000000000000e+06 -1.056349000000000000e+06 -3.535820000000000000e+05 -1.804223000000000000e+06 2.596228000000000000e+06 -2.795502000000000000e+06
-1.546525000000000000e+06 -2.772829000000000000e+06 9.566800000000000000e+04 1.468278000000000000e+06 3.931670000000000000e+05 -4.749220000000000000e+05 -2.114029000000000000e+06 5.044085000000000000e+06 -5.556200000000000000e+05 3.745180000000000000e+05 8.873410000000000000e+05 1.213722000000000000e+06 1.376251000000000000e+06 -1.170875000000000000e+06 -7.528590000000000000e+05 6.620320000000000000e+05 -9.213000000000000000e+05 -4.553790000000000000e+05 -2.195122000000000000e+06 7.736780000000000000e+05
1.204529000000000000e+06 1.786300000000000000e+04 1.021240000000000000e+05 2.209766000000000000e+06 2.550929000000000000e+06 1.634631000000000000e+06 -1.712649000000000000e+06 -5.556200000000000000e+05 8.283120000000000000e+06 2.009492000000000000e+06 8.097040000000000000e+05 -2.906561000000000000e+06 1.212678000000000000e+06 -5.277660000000000000e+05 -4.204930000000000000e+05 -4.141000000000000000e+03 -1.554279000000000000e+06 -1.371733000000000000e+06 1.462695000000000000e+06 3.211589000000000000e+06
-4.891820000000000000e+05 1.423420000000000000e+05 6.044520000000000000e+05 -1.628007000000000000e+06 1.698222000000000000e+06 -8.153670000000000000e+05 -5.654000000000000000e+03 3.745180000000000000e+05 2.009492000000000000e+06 9.005295000000000000e+06 -1.196832000000000000e+06 9.548240000000000000e+05 5.849330000000000000e+05 9.722880000000000000e+05 4.113130000000000000e+05 -3.682720000000000000e+05 -1.019834000000000000e+06 2.198780000000000000e+05 4.126820000000000000e+05 7.876360000000000000e+05
-1.288009000000000000e+06 -3.733160000000000000e+05 -4.646520000000000000e+05 -1.121671000000000000e+06 8.004970000000000000e+05 -6.261170000000000000e+05 6.128800000000000000e+05 8.873410000000000000e+05 8.097040000000000000e+05 -1.196832000000000000e+06 4.166153000000000000e+06 -1.487902000000000000e+06 -5.228530000000000000e+05 4.776500000000000000e+05 9.297690000000000000e+05 -1.600870000000000000e+05 7.730510000000000000e+05 -2.235307000000000000e+06 -1.853930000000000000e+05 -1.485937000000000000e+06
-6.059370000000000000e+05 5.456180000000000000e+05 2.321160000000000000e+05 2.542213000000000000e+06 1.926320000000000000e+05 -8.337450000000000000e+05 -9.452620000000000000e+05 1.213722000000000000e+06 -2.906561000000000000e+06 9.548240000000000000e+05 -1.487902000000000000e+06 8.036737000000000000e+06 9.435140000000000000e+05 2.741590000000000000e+05 9.820400000000000000e+05 -8.802060000000000000e+05 2.108908000000000000e+06 8.771300000000000000e+05 -2.123491000000000000e+06 9.111540000000000000e+05
-1.001135000000000000e+06 -8.826890000000000000e+05 1.770320000000000000e+05 3.095538000000000000e+06 1.446505000000000000e+06 3.149750000000000000e+05 -2.818623000000000000e+06 1.376251000000000000e+06 1.212678000000000000e+06 5.849330000000000000e+05 -5.228530000000000000e+05 9.435140000000000000e+05 6.151639000000000000e+06 -2.584804000000000000e+06 -2.466973000000000000e+06 -8.049150000000000000e+05 -4.084670000000000000e+05 1.016285000000000000e+06 1.853222000000000000e+06 3.205911000000000000e+06
2.488400000000000000e+04 9.687400000000000000e+04 -1.129868000000000000e+06 -6.451650000000000000e+05 -2.719368000000000000e+06 -1.707987000000000000e+06 3.294600000000000000e+06 -1.170875000000000000e+06 -5.277660000000000000e+05 9.722880000000000000e+05 4.776500000000000000e+05 2.741590000000000000e+05 -2.584804000000000000e+06 5.371972000000000000e+06 1.849469000000000000e+06 -2.409422000000000000e+06 9.997480000000000000e+05 -7.205350000000000000e+05 5.201290000000000000e+05 -3.726745000000000000e+06
-1.866336000000000000e+06 2.667919000000000000e+06 -1.873900000000000000e+05 -2.920851000000000000e+06 1.126660000000000000e+06 -2.559079000000000000e+06 1.125638000000000000e+06 -7.528590000000000000e+05 -4.204930000000000000e+05 4.113130000000000000e+05 9.297690000000000000e+05 9.820400000000000000e+05 -2.466973000000000000e+06 1.849469000000000000e+06 6.152066000000000000e+06 -5.006310000000000000e+05 2.812381000000000000e+06 -3.572560000000000000e+05 -1.967276000000000000e+06 -1.668144000000000000e+06
-4.326790000000000000e+05 8.343370000000000000e+05 6.445390000000000000e+05 6.129620000000000000e+05 -5.377130000000000000e+05 3.770800000000000000e+05 -1.056349000000000000e+06 6.620320000000000000e+05 -4.141000000000000000e+03 -3.682720000000000000e+05 -1.600870000000000000e+05 -8.802060000000000000e+05 -8.049150000000000000e+05 -2.409422000000000000e+06 -5.006310000000000000e+05 6.535086000000000000e+06 6.317850000000000000e+05 2.151692000000000000e+06 -1.987570000000000000e+05 5.526610000000000000e+05
3.323840000000000000e+05 2.215679000000000000e+06 1.504712000000000000e+06 5.070830000000000000e+05 -9.026400000000000000e+05 -2.572900000000000000e+06 -3.535820000000000000e+05 -9.213000000000000000e+05 -1.554279000000000000e+06 -1.019834000000000000e+06 7.730510000000000000e+05 2.108908000000000000e+06 -4.084670000000000000e+05 9.997480000000000000e+05 2.812381000000000000e+06 6.317850000000000000e+05 7.280887000000000000e+06 8.544440000000000000e+05 3.147730000000000000e+05 -1.881026000000000000e+06
9.852260000000000000e+05 1.991068000000000000e+06 1.238069000000000000e+06 5.672960000000000000e+05 -5.168400000000000000e+04 -1.310384000000000000e+06 -1.804223000000000000e+06 -4.553790000000000000e+05 -1.371733000000000000e+06 2.198780000000000000e+05 -2.235307000000000000e+06 8.771300000000000000e+05 1.016285000000000000e+06 -7.205350000000000000e+05 -3.572560000000000000e+05 2.151692000000000000e+06 8.544440000000000000e+05 4.511514000000000000e+06 -3.531700000000000000e+04 9.502940000000000000e+05
7.867750000000000000e+05 1.449948000000000000e+06 -8.352800000000000000e+05 1.433421000000000000e+06 -7.201260000000000000e+05 -9.820450000000000000e+05 2.596228000000000000e+06 -2.195122000000000000e+06 1.462695000000000000e+06 4.126820000000000000e+05 -1.853930000000000000e+05 -2.123491000000000000e+06 1.853222000000000000e+06 5.201290000000000000e+05 -1.967276000000000000e+06 -1.987570000000000000e+05 3.147730000000000000e+05 -3.531700000000000000e+04 6.999511000000000000e+06 -5.985200000000000000e+04
1.240904000000000000e+06 2.124910000000000000e+05 4.786430000000000000e+05 2.119480000000000000e+06 7.266790000000000000e+05 3.522477000000000000e+06 -2.795502000000000000e+06 7.736780000000000000e+05 3.211589000000000000e+06 7.876360000000000000e+05 -1.485937000000000000e+06 9.111540000000000000e+05 3.205911000000000000e+06 -3.726745000000000000e+06 -1.668144000000000000e+06 5.526610000000000000e+05 -1.881026000000000000e+06 9.502940000000000000e+05 -5.985200000000000000e+04 8.571109000000000000e+06
