5.787150000000000000e+06 -1.170414000000000000e+06 -2.648170000000000000e+05 -3.299970000000000000e+05 1.180470000000000000e+05 -1.464439000000000000e+06 -7.882010000000000000e+05 -4.717740000000000000e+05 1.580202000000000000e+06 2.079189000000000000e+06 -7.115150000000000000e+05 -1.597546000000000000e+06 -4.836140000000000000e+05 -1.471533000000000000e+06 5.998710000000000000e+05 -1.289100000000000000e+05 1.977851000000000000e+06 3.282970000000000000e+05 -2.202793000000000000e+06 -2.822256000000000000e+06
-1.170414000000000000e+06 6.200862000000000000e+06 -3.106430000000000000e+05 -9.850000000000000000e+04 -1.922355000000000000e+06 5.442630000000000000e+05 2.757705000000000000e+06 -1.660396000000000000e+06 -1.861460000000000000e+05 3.462390000000000000e+05 2.089504000000000000e+06 3.051490000000000000e+05 -7.120680000000000000e+05 1.184422000000000000e+06 -1.116393000000000000e+06 4.820390000000000000e+05 -6.643460000000000000e+05 4.191210000000000000e+05 1.173273000000000000e+06 6.107540000000000000e+05
-2.648170000000000000e+05 -3.106430000000000000e+05 5.974707000000000000e+06 2.928600000000000000e+05 2.029271000000000000e+06 -3.047200000000000000e+04 7.434610000000000000e+05 -1.096903000000000000e+06 -2.196889000000000000e+06 -2.908980000000000000e+05 2.107254000000000000e+06 8.107030000000000000e+05 2.533810000000000000e+05 -1.283125000000000000e+06 2.069582000000000000e+06 -1.319629000000000000e+06 4.685680000000000000e+05 -1.433921000000000000e+06 7.164490000000000000e+05 1.214390000000000000e+06
-3.299970000000000000e+05 -9.850000000000000000e+04 2.928600000000000000e+05 5.807590000000000000e+06 1.303435000000000000e+06 1.907007000000000000e+06 1.944358000000000000e+06 -5.937410000000000000e+05 -1.100504000000000000e+06 -1.042599000000000000e+06 4.344840000000000000e+05 8.950800000000000000e+05 -3.097930000000000000e+05 2.225623000000000000e+06 2.814458000000000000e+06 7.894950000000000000e+05 -1.076203000000000000e+06 -1.221549000000000000e+06 -9.533200000000000000e+04 -3.500100000000000000e+04
1.180470000000000000e+05 -1.922355000000000000e+06 2.029271000000000000e+06 1.303435000000000000e+06 7.008969000000000000e+06 -3.029310000000000000e+05 -1.988820000000000000e+06 2.679800000000000000e+04 -2.751992000000000000e+06 -4.284240000000000000e+05 2.748055000000000000e+06 1.313809000000000000e+06 5.042870000000000000e+05 -2.786080000000000000e+05 4.025885000000000000e+06 -8.448200000000000000e+04 1.927350000000000000e+06 -2.159044000000000000e+06 -1.366190000000000000e+05 6.817590000000000000e+05
-1.464439000000000000e+06 5.442630000000000000e+05 -3.047200000000000000e+04 1.907007000000000000e+06 -3.029310000000000000e+05 7.193057000000000000e+06 2.673212000000000000e+06 2.353964000000000000e+06 4.534950000000000000e+05 -6.413000000000000000e+05 2.175060000000000000e+05 -7.060450000000000000e+05 -2.549976000000000000e+06 -8.566260000000000000e+05 1.373916000000000000e+06 -2.832310000000000000e+05 -4.158220000000000000e+05 3.475000000000000000e+05 3.198670000000000000e+05 -7.070540000000000000e+05
-7.882010000000000000e+05 2.757705000000000000e+06 7.434610000000000000e+05 1.944358000000000000e+06 -1.988820000000000000e+06 2.673212000000000000e+06 5.210084000000000000e+06 -1.092740000000000000e+05 -2.456610000000000000e+05 1.527908000000000000e+06 8.706250000000000000e+05 -8.241040000000000000e+05 -4.294640000000000000e+05 -1.099190000000000000e+05 -4.314200000000000000e+04 5.883370000000000000e+05 -6.497180000000000000e+05 1.281928000000000000e+06 1.293920000000000000e+06 -7.363000000000000000e+05
-4.717740000000000000e+05 -1.660396000000000000e+06 -1.096903000000000000e+06 -5.937410000000000000e+05 2.679800000000000000e+04 2.353964000000000000e+06 -1.092740000000000000e+05 6.740356000000000000e+06 4.598850000000000000e+05 -2.175779000000000000e+06 -2.112475000000000000e+06 -1.556925000000000000e+06 -1.897063000000000000e+06 -1.798821000000000000e+06 8.099800000000000000e+04 1.255009000000000000e+06 -3.765300000000000000e+05 1.349943000000000000e+06 4.898600000000000000e+04 8.202630000000000000e+05
1.580202000000000000e+06 -1.861460000000000000e+05 -2.196889000000000000e+06 -1.100504000000000000e+06 -2.751992000000000000e+06 4.534950000000000000e+05 -2.456610000000000000e+05 4.598850000000000000e+05 5.755804000000000000e+06 1.582770000000000000e+05 -4.823720000000000000e+05 -2.112377000000000000e+06 5.125850000000000000e+05 1.584129000000000000e+06 -1.579636000000000000e+06 -1.116835000000000000e+06 -4.082350000000000000e+05 6.055420000000000000e+05 -8.796180000000000000e+05 -2.463537000000000000e+06
2.079189000000000000e+06 3.462390000000000000e+05 -2.908980000000000000e+05 -1.042599000000000000e+06 -4.284240000000000000e+05 -6.413000000000000000e+05 1.527908000000000000e+06 -2.175779000000000000e+06 1.582770000000000000e+05 7.283713000000000000e+06 1.119260000000000000e+06 -3.407279000000000000e+06 -2.188900000000000000e+05 -9.707900000000000000e+05 -1.263278000000000000e+06 -1.149267000000000000e+06 -1.137190000000000000e+05 7.934690000000000000e+05 -9.204500000000000000e+04 -2.483790000000000000e+05
-7.115150000000000000e+05 2.089504000000000000e+06 2.107254000000000000e+06 4.344840000000000000e+05 2.748055000000000000e+06 2.175060000000000000e+05 8.706250000000000000e+05 -2.112475000000000000e+06 -4.823720000000000000e+05 1.119260000000000000e+06 5.772102000000000000e+06 -1.928690000000000000e+05 -3.943140000000000000e+05 -1.334569000000000000e+06 -1.930290000000000000e+05 -6.138200000000000000e+05 7.975220000000000000e+05 -1.997297000000000000e+06 1.683621000000000000e+06 7.166200000000000000e+05
-1.597546000000000000e+06 3.051490000000000000e+05 8.107030000000000000e+05 8.950800000000000000e+05 1.313809000000000000e+06 -7.060450000000000000e+05 -8.241040000000000000e+05 -1.556925000000000000e+06 -2.112377000000000000e+06 -3.407279000000000000e+06 -1.928690000000000000e+05 8.193243000000000000e+06 9.604300000000000000e+04 2.006446000000000000e+06 1.025077000000000000e+06 3.697000000000000000e+05 1.142524000000000000e+06 1.113838000000000000e+06 1.956353000000000000e+06 -3.965240000000000000e+05
-4.836140000000000000e+05 -7.120680000000000000e+05 2.533810000000000000e+05 -3.097930000000000000e+05 5.042870000000000000e+05 -2.549976000000000000e+06 -4.294640000000000000e+05 -1.897063000000000000e+06 5.125850000000000000e+05 -2.188900000000000000e+05 -3.943140000000000000e+05 9.604300000000000000e+04 4.863960000000000000e+06 1.242882000000000000e+06 7.712590000000000000e+05 1.461460000000000000e+05 9.593400000000000000e+04 -6.939400000000000000e+05 -2.631910000000000000e+05 -2.262591000000000000e+06
-1.471533000000000000e+06 1.184422000000000000e+06 -1.283125000000000000e+06 2.225623000000000000e+06 -2.786080000000000000e+05 -8.566260000000000000e+05 -1.099190000000000000e+05 -1.798821000000000000e+06 1.584129000000000000e+06 -9.707900000000000000e+05 -1.334569000000000000e+06 2.006446000000000000e+06 1.242882000000000000e+06 7.847025000000000000e+06 2.549339000000000000e+06 -7.389850000000000000e+05 -1.413012000000000000e+06 5.268580000000000000e+05 -1.518879000000000000e+06 8.566570000000000000e+05
5.998710000000000000e+05 -1.116393000000000000e+06 2.069582000000000000e+06 2.814458000000000000e+06 4.025885000000000000e+06 1.373916000000000000e+06 -4.314200000000000000e+04 8.099800000000000000e+04 -1.579636000000000000e+06 -1.263278000000000000e+06 -1.930290000000000000e+05 1.025077000000000000e+06 7.712590000000000000e+05 2.549339000000000000e+06 5.797025000000000000e+06 4.484000000000000000e+05 1.253267000000000000e+06 -8.851720000000000000e+05 -2.245238000000000000e+06 -1.051400000000000000e+05
-1.289100000000000000e+05 4.820390000000000000e+05 -1.319629000000000000e+06 7.894950000000000000e+05 -8.448200000000000000e+04 -2.832310000000000000e+05 5.883370000000000000e+05 1.255009000000000000e+06 -1.116835000000000000e+06 -1.149267000000000000e+06 -6.138200000000000000e+05 3.697000000000000000e+05 1.461460000000000000e+05 -7.389850000000000000e+05 4.484000000000000000e+05 6.876368000000000000e+06 1.232744000000000000e+06 -4.731770000000000000e+05 -6.349940000000000000e+05 8.967290000000000000e+05
1.977851000000000000e+06 -6.643460000000000000e+05 4.685680000000000000e+05 -1.076203000000000000e+06 1.927350000000000000e+06 -4.158220000000000000e+05 -6.497180000000000000e+05 -3.765300000000000000e+05 -4.082350000000000000e+05 -1.137190000000000000e+05 7.975220000000000000e+05 1.142524000000000000e+06 9.593400000000000000e+04 -1.413012000000000000e+06 1.253267000000000000e+06 1.232744000000000000e+06 5.028902000000000000e+06 -2.433947000000000000e+06 -1.261128000000000000e+06 -2.468117000000000000e+06
3.282970000000000000e+05 4.191210000000000000e+05 -1.433921000000000000e+06 -1.221549000000000000e+06 -2.159044000000000000e+06 3.475000000000000000e+05 1.281928000000000000e+06 1.349943000000000000e+06 6.055420000000000000e+05 7.934690000000000000e+05 -1.997297000000000000e+06 1.113838000000000000e+06 -6.939400000000000000e+05 5.268580000000000000e+05 -8.851720000000000000e+05 -4.731770000000000000e+05 -2.433947000000000000e+06 7.832601000000000000e+06 2.068500000000000000e+05 6.525480000000000000e+05
-2.202793000000000000e+06 1.173273000000000000e+06 7.164490000000000000e+05 -9.533200000000000000e+04 -1.366190000000000000e+05 3.198670000000000000e+05 1.293920000000000000e+06 4.898600000000000000e+04 -8.796180000000000000e+05 -9.204500000000000000e+04 1.683621000000000000e+06 1.956353000000000000e+06 -2.631910000000000000e+05 -1.518879000000000000e+06 -2.245238000000000000e+06 -6.349940000000000000e+05 -1.261128000000000000e+06 2.068500000000000000e+05 6.130270000000000000e+06 -4.402080000000000000e+05
-2.822256000000000000e+06 6.107540000000000000e+05 1.214390000000000000e+06 -3.500100000000000000e+04 6.817590000000000000e+05 -7.070540000000000000e+05 -7.363000000000000000e+05 8.202630000000000000e+05 -2.463537000000000000e+06 -2.483790000000000000e+05 7.166200000000000000e+05 -3.965240000000000000e+05 -2.262591000000000000e+06 8.566570000000000000e+05 -1.051400000000000000e+05 8.967290000000000000e+05 -2.468117000000000000e+06 6.525480000000000000e+05 -4.402080000000000000e+05 7.352640000000000000e+06
