8.326444000000000000e+06 1.146820000000000000e+05 -8.451330000000000000e+05 -4.289150000000000000e+05 -1.008782000000000000e+06 -1.021960000000000000e+06 2.329946000000000000e+06 2.689882000000000000e+06 3.072850000000000000e+06 -2.583002000000000000e+06 -2.804349000000000000e+06 -1.308566000000000000e+06 -5.705870000000000000e+05 -9.785280000000000000e+05 -1.351515000000000000e+06 9.302720000000000000e+05 1.586338000000000000e+06 -3.342480000000000000e+05 -7.175470000000000000e+05 8.797160000000000000e+05
1.146820000000000000e+05 6.328223000000000000e+06 2.580970000000000000e+05 -2.970110000000000000e+05 -6.004420000000000000e+05 -3.932906000000000000e+06 5.704200000000000000e+05 1.925210000000000000e+05 3.382734000000000000e+06 -9.009030000000000000e+05 1.493688000000000000e+06 8.204790000000000000e+05 2.336045000000000000e+06 -1.794337000000000000e+06 3.097020000000000000e+05 1.774231000000000000e+06 -1.405430000000000000e+05 -2.458155000000000000e+06 1.998971000000000000e+06 -1.487651000000000000e+06
-8.451330000000000000e+05 2.580970000000000000e+05 9.153091000000000000e+06 -1.524975000000000000e+06 1.901600000000000000e+06 8.754530000000000000e+05 3.110969000000000000e+06 6.865180000000000000e+05 7.322590000000000000e+05 2.215490000000000000e+05 -1.092133000000000000e+06 3.138860000000000000e+05 -2.404130000000000000e+06 -2.276103000000000000e+06 1.854562000000000000e+06 8.275020000000000000e+05 1.034524000000000000e+06 3.178860000000000000e+05 -1.928807000000000000e+06 2.293860000000000000e+05
-4.289150000000000000e+05 -2.970110000000000000e+05 -1.524975000000000000e+06 7.775468000000000000e+06 8.066830000000000000e+05 -1.138321000000000000e+06 1.074100000000000000e+04 -1.286112000000000000e+06 -9.139530000000000000e+05 2.561834000000000000e+06 2.015685000000000000e+06 -1.523725000000000000e+06 1.039614000000000000e+06 1.957517000000000000e+06 4.048384000000000000e+06 -2.080502000000000000e+06 -6.354800000000000000e+05 -7.124340000000000000e+05 5.822070000000000000e+05 -1.666973000000000000e+06
-1.008782000000000000e+06 -6.004420000000000000e+05 1.901600000000000000e+06 8.066830000000000000e+05 4.651272000000000000e+06 8.515200000000000000e+04 -4.728770000000000000e+05 1.678800000000000000e+04 -6.870480000000000000e+05 1.351683000000000000e+06 9.244080000000000000e+05 7.893020000000000000e+05 5.655950000000000000e+05 1.649951000000000000e+06 1.555399000000000000e+06 -6.225480000000000000e+05 8.850120000000000000e+05 1.990205000000000000e+06 -1.414583000000000000e+06 1.948102000000000000e+06
-1.021960000000000000e+06 -3.932906000000000000e+06 8.754530000000000000e+05 -1.138321000000000000e+06 8.515200000000000000e+04 5.549168000000000000e+06 -7.861360000000000000e+05 -3.290300000000000000e+05 -3.298962000000000000e+06 -4.358960000000000000e+05 -1.408468000000000000e+06 -1.319780000000000000e+06 -3.688345000000000000e+06 2.269345000000000000e+06 -7.776420000000000000e+05 6.304620000000000000e+05 4.898240000000000000e+05 1.825100000000000000e+06 -1.896773000000000000e+06 1.846169000000000000e+06
2.329946000000000000e+06 5.704200000000000000e+05 3.110969000000000000e+06 1.074100000000000000e+04 -4.728770000000000000e+05 -7.861360000000000000e+05 6.622687000000000000e+06 1.992364000000000000e+06 2.248003000000000000e+06 -3.490170000000000000e+05 3.885040000000000000e+05 -5.717710000000000000e+05 -5.577090000000000000e+05 -7.330100000000000000e+05 8.714860000000000000e+05 -5.019640000000000000e+05 2.420208000000000000e+06 4.669330000000000000e+05 -1.881281000000000000e+06 -3.229128000000000000e+06
2.689882000000000000e+06 1.925210000000000000e+05 6.865180000000000000e+05 -1.286112000000000000e+06 1.678800000000000000e+04 -3.290300000000000000e+05 1.992364000000000000e+06 5.989178000000000000e+06 9.881160000000000000e+05 -3.895268000000000000e+06 -1.545364000000000000e+06 -4.458060000000000000e+05 -3.352110000000000000e+05 -5.764420000000000000e+05 -2.425012000000000000e+06 1.797524000000000000e+06 1.568300000000000000e+04 2.220460000000000000e+05 -8.551680000000000000e+05 -6.868340000000000000e+05
3.072850000000000000e+06 3.382734000000000000e+06 7.322590000000000000e+05 -9.139530000000000000e+05 -6.870480000000000000e+05 -3.298962000000000000e+06 2.248003000000000000e+06 9.881160000000000000e+05 6.829071000000000000e+06 -1.061398000000000000e+06 4.503760000000000000e+05 -2.547780000000000000e+05 4.249812000000000000e+06 -2.787697000000000000e+06 -1.633048000000000000e+06 -9.109680000000000000e+05 2.032500000000000000e+06 -9.912880000000000000e+05 -2.988700000000000000e+05 -1.378665000000000000e+06
-2.583002000000000000e+06 -9.009030000000000000e+05 2.215490000000000000e+05 2.561834000000000000e+06 1.351683000000000000e+06 -4.358960000000000000e+05 -3.490170000000000000e+05 -3.895268000000000000e+06 -1.061398000000000000e+06 8.020892000000000000e+06 8.807180000000000000e+05 1.102870000000000000e+06 -8.337970000000000000e+05 6.142610000000000000e+05 3.072063000000000000e+06 -2.928612000000000000e+06 6.007980000000000000e+05 -1.539763000000000000e+06 1.853416000000000000e+06 -3.700237000000000000e+06
-2.804349000000000000e+06 1.493688000000000000e+06 -1.092133000000000000e+06 2.015685000000000000e+06 9.244080000000000000e+05 -1.408468000000000000e+06 3.885040000000000000e+05 -1.545364000000000000e+06 4.503760000000000000e+05 8.807180000000000000e+05 6.484372000000000000e+06 -2.575200000000000000e+05 1.893198000000000000e+06 1.036310000000000000e+05 1.752713000000000000e+06 -2.438660000000000000e+06 5.069990000000000000e+05 1.572621000000000000e+06 -9.556620000000000000e+05 -8.456580000000000000e+05
-1.308566000000000000e+06 8.204790000000000000e+05 3.138860000000000000e+05 -1.523725000000000000e+06 7.893020000000000000e+05 -1.319780000000000000e+06 -5.717710000000000000e+05 -4.458060000000000000e+05 -2.547780000000000000e+05 1.102870000000000000e+06 -2.575200000000000000e+05 6.561570000000000000e+06 -3.806470000000000000e+05 -1.370970000000000000e+06 -3.086180000000000000e+05 -1.194300000000000000e+05 3.583404000000000000e+06 -1.021711000000000000e+06 1.653601000000000000e+06 2.812200000000000000e+04
-5.705870000000000000e+05 2.336045000000000000e+06 -2.404130000000000000e+06 1.039614000000000000e+06 5.655950000000000000e+05 -3.688345000000000000e+06 -5.577090000000000000e+05 -3.352110000000000000e+05 4.249812000000000000e+06 -8.337970000000000000e+05 1.893198000000000000e+06 -3.806470000000000000e+05 7.712421000000000000e+06 -1.946850000000000000e+05 2.431420000000000000e+05 -1.531885000000000000e+06 -6.316310000000000000e+05 3.881680000000000000e+05 1.759233000000000000e+06 4.492690000000000000e+05
-9.785280000000000000e+05 -1.794337000000000000e+06 -2.276103000000000000e+06 1.957517000000000000e+06 1.649951000000000000e+06 2.269345000000000000e+06 -7.330100000000000000e+05 -5.764420000000000000e+05 -2.787697000000000000e+06 6.142610000000000000e+05 1.036310000000000000e+05 -1.370970000000000000e+06 -1.946850000000000000e+05 6.911878000000000000e+06 1.930970000000000000e+06 1.423374000000000000e+06 5.513360000000000000e+05 6.852180000000000000e+05 8.520450000000000000e+05 -1.256400000000000000e+05
-1.351515000000000000e+06 3.097020000000000000e+05 1.854562000000000000e+06 4.048384000000000000e+06 1.555399000000000000e+06 -7.776420000000000000e+05 8.714860000000000000e+05 -2.425012000000000000e+06 -1.633048000000000000e+06 3.072063000000000000e+06 1.752713000000000000e+06 -3.086180000000000000e+05 2.431420000000000000e+05 1.930970000000000000e+06 6.895445000000000000e+06 -6.670090000000000000e+05 -4.643980000000000000e+05 -3.183120000000000000e+05 1.984027000000000000e+06 -1.022167000000000000e+06
9.302720000000000000e+05 1.774231000000000000e+06 8.275020000000000000e+05 -2.080502000000000000e+06 -6.225480000000000000e+05 6.304620000000000000e+05 -5.019640000000000000e+05 1.797524000000000000e+06 -9.109680000000000000e+05 -2.928612000000000000e+06 -2.438660000000000000e+06 -1.194300000000000000e+05 -1.531885000000000000e+06 1.423374000000000000e+06 -6.670090000000000000e+05 7.918249000000000000e+06 -1.587452000000000000e+06 -3.418315000000000000e+06 3.734774000000000000e+06 1.851585000000000000e+06
1.586338000000000000e+06 -1.405430000000000000e+05 1.034524000000000000e+06 -6.354800000000000000e+05 8.850120000000000000e+05 4.898240000000000000e+05 2.420208000000000000e+06 1.568300000000000000e+04 2.032500000000000000e+06 6.007980000000000000e+05 5.069990000000000000e+05 3.583404000000000000e+06 -6.316310000000000000e+05 5.513360000000000000e+05 -4.643980000000000000e+05 -1.587452000000000000e+06 7.446792000000000000e+06 1.408992000000000000e+06 -2.281970000000000000e+06 -9.668720000000000000e+05
-3.342480000000000000e+05 -2.458155000000000000e+06 3.178860000000000000e+05 -7.124340000000000000e+05 1.990205000000000000e+06 1.825100000000000000e+06 4.669330000000000000e+05 2.220460000000000000e+05 -9.912880000000000000e+05 -1.539763000000000000e+06 1.572621000000000000e+06 -1.021711000000000000e+06 3.881680000000000000e+05 6.852180000000000000e+05 -3.183120000000000000e+05 -3.418315000000000000e+06 1.408992000000000000e+06 7.557307000000000000e+06 -5.726770000000000000e+06 3.217272000000000000e+06
-7.175470000000000000e+05 1.998971000000000000e+06 -1.928807000000000000e+06 5.822070000000000000e+05 -1.414583000000000000e+06 -1.896773000000000000e+06 -1.881281000000000000e+06 -8.551680000000000000e+05 -2.988700000000000000e+05 1.853416000000000000e+06 -9.556620000000000000e+05 1.653601000000000000e+06 1.759233000000000000e+06 8.520450000000000000e+05 1.984027000000000000e+06 3.734774000000000000e+06 -2.281970000000000000e+06 -5.726770000000000000e+06 9.098535000000000000e+06 -1.376479000000000000e+06
8.797160000000000000e+05 -1.487651000000000000e+06 2.293860000000000000e+05 -1.666973000000000000e+06 1.948102000000000000e+06 1.846169000000000000e+06 -3.229128000000000000e+06 -6.868340000000000000e+05 -1.378665000000000000e+06 -3.700237000000000000e+06 -8.456580000000000000e+05 2.812200000000000000e+04 4.492690000000000000e+05 -1.256400000000000000e+05 -1.022167000000000000e+06 1.851585000000000000e+06 -9.668720000000000000e+05 3.217272000000000000e+06 -1.376479000000000000e+06 8.217673000000000000e+06
