1.714985851425094021e-01 -1.121374323096573367e-01 6.940422502037857377e-02 -7.181870893338893058e-02 -1.599606523664635904e-02 -9.439019806732132367e-03 -7.585366326521634887e-03 -2.058844587816847579e-02 3.762814091577321163e-02 0.000000000000000000e+00 0.000000000000000000e+00 0.000000000000000000e+00 0.000000000000000000e+00 0.000000000000000000e+00 -2.835890996639187089e-02 -2.034024600194886748e-02 -4.645634586352489180e-03 1.663485239006954122e-02 2.026026294413706824e-02 0.000000000000000000e+00 7.676690241644274805e-03 -4.188423133061673631e-02 2.458702953622480571e-03 2.155155674418852280e-02 -6.487830468696099973e-02 0.000000000000000000e+00 -8.887650928493862935e-04 6.220909244077301586e-02 -2.780865178981952509e-03 3.472607240530217049e-02 -2.040776526355498818e-02 9.478252614764202943e-02 -9.409321670632991852e-01 1.937490310042501440e-01
1.714985851425096519e-01 -4.128788811914101131e-02 9.514748520874434512e-02 -1.945475401213566380e-01 -6.478263915951554784e-03 -1.425516766754898919e-02 -9.955451991283975621e-02 1.828846055830126577e-02 -4.302123011155817994e-02 -5.154445952210390952e-17 6.431395106940033629e-17 -5.883012263246052043e-17 -4.303790618492102146e-17 -3.788293926087955502e-16 -1.035159488794092780e-01 -9.947600654033439405e-02 3.356939341340873378e-02 3.687428928314440135e-02 5.044211883180910183e-02 1.647987302177966986e-16 2.685086042322489680e-02 1.551215098620943762e-02 1.821728036473438742e-02 5.301995751962684800e-02 1.180556628199088687e-01 6.938893903907229364e-16 -6.346641711790895410e-03 -2.267513969466286236e-02 -4.627145326558275429e-02 8.007236171907178290e-01 4.559600678581552935e-01 -9.918450544864440555e-02 6.586476397813736949e-02 5.224221640671850020e-03
1.714985851425090968e-01 2.321895576432677147e-02 4.270410823396895983e-02 -9.881106696693821301e-02 -2.133858015905863714e-02 2.252672383600379594e-02 5.461429909890858081e-02 1.227626112381783458e-01 1.316678466665714264e-03 3.763725528209943300e-16 -6.938926570367038987e-16 -3.004906708372562328e-17 3.182821828584265386e-17 -8.331639185190835245e-17 -1.304812141032716533e-01 1.135492830449366664e-02 1.141571218414888789e-01 7.650131194654984090e-02 -1.282193002515915649e-02 4.865803995099976063e-16 -3.597962008534637268e-02 1.075078848488485997e-03 7.625186587360313628e-02 2.102633049115215300e-02 -1.149542190109898582e-01 2.868989077814713763e-16 -5.842395384501406636e-02 -4.693590906095264359e-02 -3.872722516282853938e-02 3.991522906099361778e-01 -7.764310702084908922e-01 3.147979105022731816e-01 1.150691166189215242e-01 2.918608812430855542e-02
1.714985851425095964e-01 -5.549978091413413500e-02 1.058431946622056391e-01 -2.121776740887401369e-01 -2.726957855787359372e-02 -1.966500001085774024e-02 1.704010002639796684e-01 -4.400823857750996160e-02 -4.367152440199387892e-02 2.490155772337548866e-17 2.616874382501002603e-16 1.256547514472789890e-16 -6.938744529997882590e-17 4.466301128411755390e-16 -1.102314077298003625e-01 -6.520762018490447454e-02 1.448068678047166602e-01 2.033513884787573889e-01 1.311604284499833795e-01 6.071529969366987519e-16 -3.229681249755526895e-02 1.134333674723153086e-02 6.126788876010098861e-02 1.747308499294585871e-01 4.127066734462143255e-02 2.396497157987511612e-15 5.760039005164661885e-03 -5.773743951214846404e-02 -8.231724259895354390e-01 -2.369112584305009539e-01 5.347136771684662948e-02 -3.373496635694597096e-02 5.475795646885944085e-02 -9.291257079343296504e-03
1.714985851425099850e-01 -2.846045251629291117e-01 -1.212662346544090136e-01 3.113051291589850542e-02 3.746092965337125468e-04 -1.002589781556643966e-02 -1.727728272292406927e-02 -6.866223586513298116e-02 5.408990376684555956e-01 6.659882147104717052e-16 -1.765012584520367429e-15 -1.119935174837643839e-16 8.376555526353983105e-17 2.279654778129582752e-18 4.903211120652149757e-02 2.501446448015872542e-02 4.603086648572191769e-03 -1.459390174078671783e-02 -1.695327951702103875e-02 6.015009550075459677e-01 -6.282752178108220835e-03 2.623294102057101562e-01 1.197175095335927496e-03 3.875634856047840016e-03 1.013349503827283733e-02 -3.717480344601831188e-01 1.453817894519972460e-04 -1.001479310319384163e-02 4.254931950105394958e-04 -3.856316893505458681e-03 2.019797422145202300e-03 -7.622214788790877653e-03 5.828790650360399922e-02 -1.125341852609171474e-02
1.714985851425096519e-01 -3.237272183439977025e-01 -2.016756537714508857e-01 9.905757407034516959e-02 1.627349934196945305e-02 5.421472868020965966e-03 3.471621487309182411e-03 8.645007667693310055e-03 -1.331497113692882428e-02 -1.427298981203374846e-16 3.761410405629867019e-16 2.332947452694060130e-17 -3.580949895987544851e-16 3.051240875390672711e-16 4.475773874350590792e-03 1.600480450935567577e-03 -2.172480574651119647e-05 1.491758330849026273e-03 3.070062050801866758e-03 -3.717480344601847841e-01 1.572698350573520278e-03 -5.551451925980304125e-01 -5.427706373620793182e-03 -3.155376676462646329e-02 3.064132823106905171e-02 -6.015009550075475220e-01 2.590304641871825526e-04 -1.698684724279723307e-02 6.550173404599455348e-04 -4.734566734152979676e-03 2.389016063408651910e-03 -8.604833451393395852e-03 6.339775628682177422e-02 -1.215603759173292456e-02
1.714985851425098462e-01 -3.237272183439973694e-01 -2.016756537714509967e-01 9.905757407034530837e-02 1.627349934196880080e-02 5.421472868020603408e-03 3.471621487308946489e-03 8.645007667693025560e-03 -1.331497113692948348e-02 1.217309899014340754e-16 2.099180213619266948e-16 -8.918789210050356700e-17 3.610118329337840987e-16 -3.203709988392423403e-16 4.475773874350056497e-03 1.600480450935088794e-03 -2.172480574644571066e-05 1.491758330845019062e-03 3.070062050802560647e-03 3.717480344601833964e-01 1.572698350576229916e-03 -5.551451925980347424e-01 -5.427706373621743810e-03 -3.155376676463582386e-02 3.064132823106681044e-02 6.015009550075437472e-01 2.590304641920163596e-04 -1.698684724279865554e-02 6.550173404608649382e-04 -4.734566734153035188e-03 2.389016063408665787e-03 -8.604833451393253604e-03 6.339775628682178810e-02 -1.215603759173284476e-02
1.714985851425096242e-01 -5.258600372363569919e-02 1.013018770409084418e-01 -2.008198756685161401e-01 -2.593687312020549751e-02 -8.677601026561312242e-03 5.266759327219623643e-02 3.516850459420536867e-02 -2.334919952863593468e-02 4.926904223647201640e-16 -3.474295087548539197e-18 -9.461315445758614115e-17 -3.536122289501324183e-16 -1.324624696530890352e-16 -2.462723544887225058e-01 -1.388415402719403446e-01 2.919644380686876595e-01 4.398305022781256457e-01 3.030249586324573197e-01 1.135175599629537155e-15 -6.394103115488744549e-02 5.057933008476724057e-02 -3.295691871186377520e-01 -4.654478432063937632e-01 1.487470386742346419e-02 -3.353715968452041842e-15 2.569030769463430744e-02 2.589474863658522419e-02 3.040360695679114600e-01 -1.726932855884534546e-01 4.152645508018915077e-02 -2.972891990306008800e-02 5.401999864113798261e-02 -1.548226573648036480e-02
1.714985851425089025e-01 5.160127594532869233e-02 1.467706546431569482e-02 -4.634387939176691507e-02 5.396359152508217738e-02 4.020963276650096202e-02 -1.470552606155221039e-03 2.976695025952318802e-02 6.904082614100085641e-03 -2.541489913168300782e-17 2.231341498941050192e-16 -2.100140198111975815e-16 3.197573902618401857e-17 -1.226288313208302639e-16 -1.640183458396456684e-01 -8.070312745276017607e-02 2.347025896104183162e-01 -3.245998069230729421e-01 -5.377925482742845764e-02 -2.377721394358308251e-15 2.143571735814683576e-01 -2.110070447375253164e-02 2.875171367414701418e-02 -3.496828351590822170e-02 -8.069609754763268361e-01 -2.355235447366670693e-15 3.343224319042222004e-02 -1.030988165755511443e-01 8.192776449976383116e-03 -6.302106704902946110e-02 1.884775238288930455e-01 4.966474888369919877e-02 5.953765833963342580e-02 -7.993358113152800037e-02
1.714985851425084029e-01 9.280088795113655697e-02 1.311954027057311151e-02 -8.990030814355517985e-02 6.159019132153144283e-02 7.370472499098647268e-02 2.541806229733616362e-01 8.509268467031959604e-01 9.064297807292973075e-02 2.568512686407285167e-15 -5.822204670985971775e-15 4.472603251973521282e-16 4.615720196275514083e-16 9.136436715429458602e-17 3.445464678694781790e-01 -1.001410048396115735e-02 -9.422942585980895180e-02 -3.111779376780669445e-02 3.662734494427948018e-02 -6.316896153837461065e-16 3.573170672019002764e-02 -5.122546011329993541e-04 -4.065100667839928461e-02 -1.611096426215730820e-02 3.530133698044861379e-02 4.262548229772717868e-16 1.170500074811477512e-02 8.475602043178493924e-05 6.096204661332468638e-04 -4.161313972552049129e-02 8.131387139839360567e-02 -2.452809245672114835e-02 -2.104994603671702172e-02 -6.027662071842648100e-02
1.714985851425097907e-01 -2.846045251629293893e-01 -1.212662346544090136e-01 3.113051291589828337e-02 3.746092965333534591e-04 -1.002589781556730876e-02 -1.727728272292456194e-02 -6.866223586513324484e-02 5.408990376684550405e-01 6.076348943799484075e-16 -1.403037285596831169e-15 1.355912485275750692e-16 4.282033289234210401e-17 8.922517057833549932e-16 4.903211120652127553e-02 2.501446448015606783e-02 4.603086648571759823e-03 -1.459390174078151366e-02 -1.695327951702603475e-02 -6.015009550075451905e-01 -6.282752178114365225e-03 2.623294102057094901e-01 1.197175095335371951e-03 3.875634856043260346e-03 1.013349503827119975e-02 3.717480344601853948e-01 1.453817894551483712e-04 -1.001479310319440368e-02 4.254931950115213492e-04 -3.856316893505208881e-03 2.019797422145590878e-03 -7.622214788790711119e-03 5.828790650360404085e-02 -1.125341852609163494e-02
1.714985851425099572e-01 -2.109929538398860605e-01 7.647651611960862850e-01 5.745004103794214556e-01 6.166465608097332352e-02 1.575051956867896258e-02 9.955873545396285926e-03 2.492381336414473125e-02 -3.939911344021625877e-02 8.381947456125122598e-17 1.892588203354710706e-16 2.966574858803588422e-16 -3.747755450515522685e-16 2.891254832486735710e-16 1.907004746859436092e-02 1.162859821258338533e-02 2.306713015184632364e-03 -7.419425399809378638e-03 -8.526493717272752917e-03 4.097870481830847902e-17 -3.105221813886018065e-03 1.278565514829164453e-02 -7.065222798472857620e-04 -6.018655292892557788e-03 1.481715105784450932e-02 1.361536939941854878e-16 1.666978747743457813e-04 -1.127886666433781070e-02 4.637714810953438762e-04 -3.956376792210637532e-03 2.057013038321708117e-03 -7.702062740698674241e-03 5.860617466296716427e-02 -1.130609023521591226e-02
1.714985851425099295e-01 -1.094612958349425874e-01 1.606665545119522476e-01 -3.245712706930519720e-01 -5.842004308399596779e-02 -7.262987419059080407e-02 6.838080263111289137e-01 -3.713631456904322725e-01 -1.344481341467254898e-01 -1.054294115085731104e-15 2.571413454864869583e-15 4.853272116325471001e-16 1.212553719878962924e-16 2.227737915142316589e-15 2.845261126193227019e-01 1.141921468685955926e-01 -1.382311167995686763e-01 -1.771129547047393671e-01 -1.100317850875344033e-01 -6.655799434344476213e-16 1.672349747082856053e-02 1.341939700474759252e-02 -2.569612685401819266e-02 -7.605508536395204355e-02 6.987412459804208734e-03 -5.989913685917165846e-16 -1.124591988529339420e-03 -9.902798658807409650e-04 1.653163967904722476e-01 2.599703252763014075e-02 -3.706238333204931682e-03 -5.399513476142116068e-03 5.886178239703326875e-02 -1.143095056345431494e-02
1.714985851425094299e-01 -1.474197382708332046e-02 6.959724048119265982e-02 -1.437954246271331282e-01 -1.104226514311176582e-03 -4.065159514030324862e-03 3.822668173433640959e-02 3.204405704256002574e-02 -1.477536868945859838e-02 1.785102640412236250e-16 -5.508715676854782870e-16 -1.221487703866858328e-16 1.621332250978533338e-16 -1.150033574592727947e-16 -1.631305085171559921e-01 -7.886900655424793072e-02 1.355844680683261638e-01 1.681014066038620802e-01 9.327112807005602524e-02 1.280139858015075642e-15 -3.297068647545611103e-02 -1.914441577075711928e-02 3.514641857082383414e-01 6.938843871567007549e-01 6.556054038662852135e-02 4.867004302084642662e-15 3.918366080140318203e-02 1.226371432092451287e-02 4.384690057553777276e-01 -1.930348196217116230e-01 3.992233940369944306e-02 -2.879570740114967276e-02 4.175792259576896481e-02 -8.848096209027900283e-02
1.714985851425079866e-01 1.627507847356819970e-01 -6.068002545511385487e-02 6.345644197760168248e-02 2.194874700926930933e-01 1.987954421366215640e-01 -1.930986229891734282e-02 -1.173447908887671198e-01 -3.893655689058975015e-03 -4.588552264212050064e-02 -2.945456622948336434e-01 -3.714478920961081787e-01 4.926449681219239318e-01 -5.748606530948726645e-01 9.454123504535731637e-02 2.122913655494455126e-02 -4.139758885289950702e-02 9.863210409002177992e-02 2.496270622499392397e-02 -8.580776167760796698e-16 2.374684675605774273e-02 8.825667081731859926e-04 1.268916295700476919e-02 -1.404126749514513113e-02 1.548916709959584706e-02 -8.784662844064275110e-18 -1.067640385878699735e-02 -3.344215099765618371e-02 -3.738621833147602689e-03 7.961973733656520962e-04 2.961662066605696975e-02 8.199444022362137319e-02 -8.468721886267611618e-03 -5.480701457449811687e-02
1.714985851425079311e-01 1.627507847356819137e-01 -6.068002545511400059e-02 6.345644197760123839e-02 2.194874700926918165e-01 1.987954421366208979e-01 -1.930986229891910183e-02 -1.173447908887590985e-01 -3.893655689055502099e-03 -6.911515317031032002e-02 8.602137353770161754e-01 -1.901105527950610607e-01 8.541290508892873667e-02 1.087108018146908384e-01 9.454123504535755229e-02 2.122913655494496066e-02 -4.139758885289959028e-02 9.863210409002183543e-02 2.496270622499437500e-02 6.310715048077228876e-16 2.374684675605773579e-02 8.825667081738521264e-04 1.268916295700448470e-02 -1.404126749514394458e-02 1.548916709959597890e-02 1.839050332525210628e-16 -1.067640385878675970e-02 -3.344215099765613514e-02 -3.738621833147075333e-03 7.961973733656590351e-04 2.961662066605696975e-02 8.199444022362137319e-02 -8.468721886267611618e-03 -5.480701457449812380e-02
1.714985851425090968e-01 -4.227653291953732961e-01 -3.697918346426247727e-01 2.264200856760739400e-01 4.394704200868156801e-02 2.705886642463523756e-02 2.916086839974953507e-02 9.939944345580924157e-02 -5.924406517174792830e-01 -5.865634156951574296e-16 1.226161401825385415e-15 -1.955190961436787175e-16 1.837069918025431560e-16 -3.189364897687782152e-16 -1.837753982530607177e-02 -4.272749440980502279e-03 4.285128050912091600e-05 -2.402056825356456427e-03 -4.461799832891522044e-03 6.722127155209606214e-16 -2.136546408245540690e-03 4.878517041739004467e-01 4.377169020100027744e-03 2.445277155000858890e-02 -1.813850285498257858e-02 1.139751909327836356e-15 -1.196005767921986184e-04 7.523720234032093418e-03 -2.622063686118783423e-04 1.217544052675051044e-03 -5.355897274263591093e-04 1.522154672195072346e-03 -8.422057176572225745e-03 1.506632784315832703e-03
1.714985851425098184e-01 -1.001814219233520126e-01 1.508607451650236519e-01 -3.044222993456366377e-01 -3.034627853024060573e-02 -5.912949022475669225e-02 -4.499759167886749900e-01 -1.322250190741595596e-02 -1.199809314291338386e-01 2.221656727645810459e-01 -1.450530463252927005e-01 -3.330770120508642074e-01 2.646591936982340409e-01 4.986153255076313795e-01 2.707392663740804117e-01 1.599347326521116108e-01 -2.852545880840255330e-02 -4.308070426599283631e-02 -5.137679140890373530e-02 1.684338066007165021e-16 -2.345323066294700484e-02 1.158765716624501375e-02 -8.337064259873749189e-03 -2.889481018277724120e-02 -1.573948842950124993e-02 -4.572751188781196872e-16 1.670380412334979484e-03 -8.755079620006938831e-03 9.817931142331067298e-03 -1.074223744212375042e-01 -4.882289043585796157e-02 3.893447443100968102e-04 5.812404203072503439e-02 -1.233048283104482001e-02
1.714985851425079866e-01 1.627507847356819692e-01 -6.068002545511422957e-02 6.345644197760123839e-02 2.194874700926923994e-01 1.987954421366244506e-01 -1.930986229891936551e-02 -1.173447908887676749e-01 -3.893655689059863194e-03 7.459981879681450989e-01 -6.088777851535027985e-02 4.891140506535750498e-01 -1.937887653689436551e-02 -1.308764964107285607e-02 9.454123504535659472e-02 2.122913655494445065e-02 -4.139758885290023560e-02 9.863210409002128032e-02 2.496270622499370193e-02 -3.168438922713158071e-16 2.374684675605817641e-02 8.825667081733802816e-04 1.268916295700499124e-02 -1.404126749514466622e-02 1.548916709959592339e-02 1.855043664653381318e-16 -1.067640385878693490e-02 -3.344215099765614208e-02 -3.738621833147186355e-03 7.961973733656659740e-04 2.961662066605696975e-02 8.199444022362137319e-02 -8.468721886267611618e-03 -5.480701457449811687e-02
1.714985851425093188e-01 -1.363713267869761867e-02 6.512381635923182588e-02 -1.313164776650957155e-01 2.555314178014922791e-02 -1.191260010705266076e-02 -8.176505596285406352e-02 1.955091537329249271e-02 -2.522041699859707987e-03 -5.147751598911256961e-16 3.768989549021710041e-16 -9.152978580008807919e-17 6.137339142393130655e-16 -2.638368813402284147e-16 -3.299213382806929773e-01 -4.930140846231979013e-01 -7.385096370457794324e-01 -6.468539062558263664e-02 -8.804753629620977462e-02 9.596022519823495152e-16 -3.791588330481332481e-02 2.059864275710095172e-02 -3.056668335427809718e-02 -6.017502746511218387e-02 -2.054265320119992577e-02 -1.421729966404138231e-15 -1.462534395206653570e-04 -2.448756916009084406e-02 3.345900398598789568e-03 -1.121301158873393156e-01 -6.142818920181846581e-02 4.063824891429115155e-03 4.789881029634288773e-02 -7.547569623988417686e-02
1.714985851425079588e-01 1.627507847356819415e-01 -6.068002545511416712e-02 6.345644197760123839e-02 2.194874700926921218e-01 1.987954421366232016e-01 -1.930986229891859529e-02 -1.173447908887660096e-01 -3.893655689059321960e-03 -5.205026445272471769e-02 -2.589290818870958466e-01 -3.893052400605691021e-01 -7.555117055752199606e-01 8.882563438395209288e-02 9.454123504535666411e-02 2.122913655494436044e-02 -4.139758885290013846e-02 9.863210409002128032e-02 2.496270622499378519e-02 2.660231956568913767e-16 2.374684675605807233e-02 8.825667081733525260e-04 1.268916295700477960e-02 -1.404126749514454826e-02 1.548916709959592339e-02 6.157157885075862419e-16 -1.067640385878699909e-02 -3.344215099765614901e-02 -3.738621833147186355e-03 7.961973733656382184e-04 2.961662066605696975e-02 8.199444022362137319e-02 -8.468721886267609883e-03 -5.480701457449811687e-02
1.714985851425098184e-01 -1.001814219233521236e-01 1.508607451650233466e-01 -3.044222993456364712e-01 -3.034627853024095961e-02 -5.912949022475736532e-02 -4.499759167886724365e-01 -1.322250190741402001e-02 -1.199809314291317291e-01 -2.221656727645816287e-01 1.450530463252928948e-01 3.330770120508640408e-01 -2.646591936982344850e-01 -4.986153255076338775e-01 2.707392663740806893e-01 1.599347326521113888e-01 -2.852545880840255330e-02 -4.308070426599334979e-02 -5.137679140890302754e-02 -1.576942068829232316e-16 -2.345323066294777506e-02 1.158765716624529825e-02 -8.337064259873756128e-03 -2.889481018277695670e-02 -1.573948842950126381e-02 -1.311471053944799288e-16 1.670380412335073159e-03 -8.755079620006945770e-03 9.817931142331060360e-03 -1.074223744212375042e-01 -4.882289043585796157e-02 3.893447443101106880e-04 5.812404203072503439e-02 -1.233048283104481307e-02
1.714985851425079866e-01 1.627507847356820248e-01 -6.068002545511409773e-02 6.345644197760126615e-02 2.194874700926924271e-01 1.987954421366236180e-01 -1.930986229892007675e-02 -1.173447908887647329e-01 -3.893655689058780726e-03 -5.789472477029925512e-01 -2.458512126797306185e-01 4.617496342981619040e-01 1.968327089012612829e-01 3.904118665373019770e-01 9.454123504535667799e-02 2.122913655494429452e-02 -4.139758885289910456e-02 9.863210409002172441e-02 2.496270622499378519e-02 7.448068750264900854e-16 2.374684675605767681e-02 8.825667081732970149e-04 1.268916295700408571e-02 -1.404126749514459684e-02 1.548916709959592339e-02 2.687710933122248723e-16 -1.067640385878699215e-02 -3.344215099765616983e-02 -3.738621833147186355e-03 7.961973733656382184e-04 2.961662066605698709e-02 8.199444022362137319e-02 -8.468721886267611618e-03 -5.480701457449811687e-02
1.714985851425078756e-01 1.556945673639549832e-01 -6.036756720414168664e-02 9.731481821165265111e-02 -1.278271044275536283e-01 -6.581269547168989986e-02 -1.066359715573096494e-02 -2.912277070393328587e-02 -6.773840595748875301e-03 2.932526369645429613e-16 1.450878071350474068e-17 -1.084288745180386252e-16 1.806210653691138366e-17 3.309458732104657695e-16 4.899756517972895381e-02 -1.152456853082281379e-01 1.119704003798023262e-01 -1.965182945754123944e-01 -5.017064956432920608e-03 1.473659156550678596e-15 -4.970221619028624693e-01 -2.861230261940265465e-04 8.524544326017607920e-02 -8.637776194067799118e-02 5.619344708260450710e-02 -4.161577901440477026e-15 7.492089682407948592e-01 4.319022273537463652e-02 -2.396161127945642053e-02 1.548820183745215802e-02 2.190960208999426576e-02 1.085138373135546286e-01 -7.563882010824538385e-03 -5.888264465856096058e-02
1.714985851425080421e-01 1.530255806008069264e-01 -6.642389289089886684e-02 1.483135013290425019e-01 -5.398888124096523633e-01 5.090703277942334321e-02 -2.615937838127898804e-02 -4.918896007031651335e-02 -1.101794982141997455e-02 -2.577542763667985648e-16 1.107921658001643219e-16 -8.440001391561160787e-17 2.569540507276426610e-16 -4.798328126127279625e-16 1.152624398291350744e-01 -7.356150969653799110e-02 -1.779186170546224674e-02 2.668605665169965224e-01 -3.103142812823700414e-01 4.999278076992095856e-16 4.071586262853971738e-01 -1.889707981304503603e-03 -3.724404856244273310e-01 1.984845907965735734e-01 9.448391477318091730e-03 -3.312641272364922846e-16 2.152163333766154429e-01 -2.145529441000299520e-01 8.452644387468722514e-03 8.918302884856111473e-03 -1.810199594216884561e-02 -5.850618344901444348e-03 -3.467639687539459184e-03 9.374204455816560408e-03
1.714985851425080143e-01 1.609629214129233432e-01 -7.418081193964223830e-02 1.619620018332554034e-01 -5.037038979974709507e-01 2.095501325125834896e-02 -3.565489929919522100e-02 -7.733387010982187282e-02 -1.105016862520846743e-02 -1.253440656157453690e-16 7.110973148052843764e-17 -2.853646019903603822e-16 4.270010962856261776e-16 2.532187083229682795e-16 1.492066244699923605e-01 -4.981701482303288464e-02 -9.937085143458769532e-02 -1.821515684031571880e-01 6.213956713603224769e-01 -2.928416447040463490e-15 -2.311136206496675408e-02 1.241807912125529947e-02 2.588838114807762159e-01 -1.083999066039174758e-01 -3.096001478820543679e-03 8.420654892686534818e-16 -2.741905983808241021e-01 -2.045815693516959133e-01 1.851686185868319998e-02 -4.190346085169831432e-03 -6.203308966175735163e-03 -2.189866784899270613e-02 -4.682931223812319792e-03 8.920100103410389877e-03
1.714985851425078756e-01 1.871095634932897489e-01 -9.037996925202912424e-02 1.390667371660209151e-01 2.119242022877813048e-01 -8.073322008492589408e-01 4.371717188087063076e-03 -8.621761488468807424e-03 1.442092925430930742e-03 5.842446149872965399e-16 -1.205229072559373253e-15 1.736054508597837266e-15 -9.544175759897836579e-16 1.132041046878947716e-15 3.083122320520548937e-02 7.019278132708667295e-02 -6.780357316275513468e-02 1.791046992919974601e-01 3.379891593751235129e-02 -5.780615438572370492e-16 3.043019243324748824e-01 6.233627609624029474e-03 2.204874710975313068e-01 -1.244264505127291726e-01 2.682017259526763009e-03 -9.629820658006941577e-16 8.543855348618588363e-02 7.442100610965137961e-03 -8.031112035721941003e-03 1.014261510115406321e-02 -9.802667928460470984e-03 -4.507257960372514777e-03 -1.286201990654358904e-02 -5.509063103690164248e-02
1.714985851425080976e-01 1.276640485188924312e-01 -3.639285153254916139e-02 5.807552555000870115e-02 -2.269953321411746494e-01 6.093624734639874717e-03 1.058834130361348443e-02 3.206270984638014826e-02 -6.707954767354187484e-03 6.763579299621477791e-17 3.504730154276025988e-16 -5.274591860701193087e-18 -5.757098466377122361e-17 -9.681302955623715554e-17 -2.356872330286141192e-03 -1.449463163474328242e-01 1.924103054284997116e-01 1.438026055128682479e-01 -5.862605055438625534e-01 3.664285990351312263e-15 -2.699202405319855447e-01 3.661063782926594207e-03 3.882859487782830410e-01 -2.646140279628068082e-01 3.889980870092080156e-02 -1.097231485579101225e-15 -3.918884280548617927e-01 6.827366091763625855e-02 6.192767248341853221e-03 -6.024362182808113558e-02 1.042612181707632535e-01 -4.083127425285509177e-02 -2.342972106383422320e-02 -6.530217982854504000e-02
1.714985851425083752e-01 9.515229952361169141e-02 -6.692364430993852711e-03 -1.099372049984074541e-02 -9.388484491638592055e-02 5.268190441493352666e-02 4.296849455840796167e-02 1.154571576047506154e-01 9.875388668766518427e-03 -6.261915782855564618e-18 -7.049060723901012897e-16 2.761567471291903206e-17 2.462802673628129289e-16 -3.876197143478072523e-16 -4.982497804298752775e-01 7.327819311614883757e-01 -1.972447167745698116e-01 -5.122992345100221140e-02 -8.290738051032371658e-02 -7.529750303904986394e-16 -1.020202173941579110e-01 9.798970969532718595e-03 -3.283647753908568168e-03 -6.378446029042388055e-02 7.464348585686941817e-02 -1.548381163300124966e-16 3.050653250570048089e-02 -2.532169928387348889e-01 1.539810099065878554e-02 -4.834237075266659134e-02 8.585677526557612682e-02 -3.884533208851306818e-02 -2.801541564438307305e-02 -5.860942845679131818e-02
1.714985851425078756e-01 1.676503132603382185e-01 -7.018822357302134662e-02 1.015326435541281519e-01 8.999817047146405069e-02 -3.305196835196759220e-01 -4.865545819064547722e-03 -2.675139105853436422e-02 -2.692861417824894861e-03 7.702882898685187303e-16 -4.926328903054841691e-16 3.053099389766397246e-16 -2.645682164498807414e-16 5.065520984680003052e-16 2.232688854820870025e-02 -4.873263271081937353e-02 8.736228585505717570e-02 -1.846092097055507530e-01 -8.929575871100837656e-03 1.398022980469357686e-15 -4.313653103959413371e-01 -1.427771810637914508e-02 -5.713735622117970259e-01 3.005661432406813716e-01 -4.746745964957191539e-03 2.565333846826805345e-15 -3.778076375087782157e-01 -8.015832690331238519e-02 4.443576926812452602e-03 -3.364685371228600015e-03 3.642573023844550284e-02 8.843990688289500579e-02 -8.201512970061358709e-03 -5.449865068559572867e-02
1.714985851425083752e-01 7.349963560435970877e-02 1.411878610795359174e-02 -6.447596660646133515e-02 7.663911582706597891e-02 4.399317645892578815e-02 -4.719302635516722105e-02 1.271600636480953520e-02 -1.774721803364312511e-02 -1.914970239300712565e-16 5.563974671714440589e-16 -3.268225184050780079e-16 6.843316984425763779e-17 -2.990573952516901125e-16 -2.072726787335805176e-01 -1.567607776872592396e-01 3.146409256388512654e-01 -5.412529930294197600e-01 -6.041502541827749317e-02 -4.183096224074577374e-15 3.907603291779984667e-01 2.753825637470873333e-02 -3.229067679960628823e-02 -9.347444827294290604e-02 5.376756006044981495e-01 1.663155993715813108e-16 -3.145122404581365827e-02 -1.003185104961584230e-02 6.474802988777571960e-03 -1.266193218007144738e-01 -5.493743805494487320e-02 1.049372546243393517e-01 -1.937167091756694312e-02 -5.727609714688948472e-02
1.714985851425083752e-01 9.875342702850002652e-02 -2.830224576873420494e-02 5.804869794829654872e-02 -2.090290177328665289e-01 4.425770440790146448e-02 -7.321404448294545689e-03 -1.247396314520966831e-02 6.244921655410705374e-03 -1.654568624208266935e-16 -6.531189453234476570e-17 -1.017822228952488277e-16 2.133529371572698832e-16 -1.718482209203517877e-16 -8.773069404555658424e-02 1.763109542872721980e-01 -9.279102682936452018e-02 -2.624930126981768128e-02 8.159082116424890008e-02 -1.023940377472603019e-15 1.007764295750585848e-01 -1.366810829399804986e-02 -9.595498453277685746e-02 5.925094871866144752e-02 -5.827770468194246045e-02 1.610228515270483846e-15 -5.093403624853615197e-02 8.905783584932812635e-01 -5.848806153013693526e-02 3.992480372517652649e-03 4.532922308353593693e-02 1.230271303697190871e-01 7.685092172470227301e-02 -8.551240311134421235e-02
1.714985851425084307e-01 1.303454580846998001e-01 -3.779294049162593844e-02 3.537444567390411743e-02 9.559949552182933630e-02 7.265269130291066024e-02 -1.050416254840786170e-02 -4.566319559470832096e-02 -2.932700931166415566e-03 -1.853699519099108189e-16 4.893822781051327949e-16 -1.929872620994227492e-16 -4.126871831593365597e-17 -3.780389502877468191e-17 -8.705731621765491063e-03 -1.205116690207146124e-02 6.058759567744169405e-02 -8.465681638145219901e-02 3.230410290248554323e-03 -5.019309569639902928e-16 -1.833566025866452745e-02 -2.099362637600681904e-03 -5.603216399623963534e-02 1.568487224980193509e-02 -4.801691937358967821e-02 5.581485904526387141e-17 3.852316430504561934e-02 1.044563358190893354e-01 -1.700254988793208771e-02 6.932465734331713647e-02 -3.152364053030690116e-01 -8.895588730473764638e-01 -7.434336675837630026e-02 -5.907528331234073588e-02
1.714985851425084307e-01 1.189032630725495310e-01 -2.839393903401467301e-02 2.014926091482665757e-02 6.695202270860289850e-02 7.008006888693281075e-03 5.906457709516503216e-03 2.525168056548766221e-02 2.757682849720727390e-03 2.048428908096680559e-17 -8.229537227961020583e-17 -1.209683532560184876e-17 1.032612123348334971e-17 -9.301071017671092149e-18 -3.734452253489484175e-02 -3.852793072993089627e-03 -1.861197368849058439e-02 -3.785091233843997788e-02 -3.758294063091206783e-02 6.280173077446378842e-17 -1.662414831883862743e-02 9.074952424021529268e-05 2.456294252391863150e-02 2.055272795150807699e-02 -4.314704346304004505e-03 1.113769290347912656e-17 7.722663626433027249e-03 4.655318946819835685e-02 3.568144119861228758e-02 -7.551687616196778308e-02 5.102453232682599427e-02 -3.748029708773163021e-02 2.018414245250622907e-01 9.434794146890376210e-01
