1.952150640812202553e+01 -3.447243546893870025e-01 -6.446023456482419256e-01 -6.744604328336989418e-01 -7.440925930333842919e-02 -8.149979552014064987e-01 -2.438706227913244318e-01 -1.757209511245272707e-02 -8.919682175180502215e-01 -9.909454585769712498e-01 -6.834253152162306222e-01 -1.427847623688071943e+00 -2.530881655380903705e+00 -3.738370138122244501e-01 -6.353786192062070848e-01 -7.854742625045223539e-03 -1.009876550946685603e+00 -4.997492975999348608e-01 -5.631784071593584073e-01 -3.208723827771206571e-02
-3.447243546893870025e-01 1.975164791601573100e+01 -4.643952007021357464e-01 -4.859060631504065753e-01 -5.360716283699010903e-02 -5.871544550415329633e-01 -1.756933520039243302e-01 -1.265958259630288463e-02 -6.426066584937052406e-01 -7.139134975655939686e-01 -4.923646936245479888e-01 -1.028673861104027143e+00 -1.823340082825796404e+00 -2.693259126828442263e-01 -4.577500894623326988e-01 -5.658845026623652956e-03 -7.275521516907246244e-01 -3.600377456372445550e-01 -4.057344053888994884e-01 -2.311682475336022946e-02
-6.446023456482419256e-01 -4.643952007021357464e-01 -1.119401149972406273e+01 1.889642186088920095e+00 3.004658003070589944e-01 3.290975009708512200e+00 5.305624763401260990e-01 -2.111860217779251703e-02 1.480038562510895606e+00 1.644271021359884122e+00 -6.255982987215156221e-01 -2.747166780666048802e-01 -2.908822506806095554e+00 1.337165207368208319e+00 -6.212661650353707987e-01 1.126119904503566395e-02 2.829380702724428875e+00 9.523239027941381440e-01 1.392651251698912018e+00 1.276854901997926880e-02
-6.744604328336988308e-01 -4.859060631504065753e-01 1.889642186088920095e+00 -1.102282927554558789e+01 3.143834258360111988e-01 3.443413516065823021e+00 5.551382179315786924e-01 -2.209681932099168827e-02 1.548594193336048752e+00 1.720433926822029003e+00 -6.545761153124806109e-01 -2.874415999977577574e-01 -3.043559646069672997e+00 1.399102920770118219e+00 -6.500433164780110573e-01 1.178281964596804808e-02 2.960438084493400179e+00 9.964357033644991590e-01 1.457159087844536183e+00 1.335999032087452354e-02
-7.440925930333844307e-02 -5.360716283699010903e-02 3.004658003070590500e-01 3.143834258360111988e-01 -1.595153244683517890e+01 5.308607704575680764e-01 9.079617478669127495e-02 -2.349972497137859176e-03 2.630906991511602899e-01 2.922845549846136981e-01 -6.206546844060881196e-02 2.500386719683200115e-02 -3.185566174540548356e-01 2.176738715930095214e-01 -6.364281985029034139e-02 2.051274013900763853e-03 4.707295406850898756e-01 1.658468791669374942e-01 2.347614015116244734e-01 3.400038019465846228e-03
-8.149979552014064987e-01 -5.871544550415329633e-01 3.290975009708512200e+00 3.443413516065823021e+00 5.308607704575680764e-01 -1.018552950976424931e+01 9.944823733508515451e-01 -2.573903836536336684e-02 2.881608872984493530e+00 3.201366562168234342e+00 -6.797975190359697439e-01 2.738651187814104548e-01 -3.489122110227527163e+00 2.384162426961786707e+00 -6.970741078040942895e-01 2.246742062129218967e-02 5.155858514157163341e+00 1.816506019050299514e+00 2.571320612293826802e+00 3.724031201782677936e-02
-2.438706227913244873e-01 -1.756933520039243302e-01 5.305624763401260990e-01 5.551382179315786924e-01 9.079617478669126107e-02 9.944823733508515451e-01 -1.084832344670143556e+01 -8.135541508295204144e-03 4.068305831004173645e-01 4.519745331906080965e-01 -2.535282619259484060e-01 -1.980710489430178023e-01 -1.129071442027995253e+00 4.007871650411730102e-01 -2.484411205542418621e-01 3.013314136552373585e-03 8.312141699224988578e-01 2.674790740234097575e-01 4.040478612182538676e-01 1.633677628843266134e-03
-1.757209511245272360e-02 -1.265958259630288463e-02 -2.111860217779251703e-02 -2.209681932099168480e-02 -2.349972497137859176e-03 -2.573903836536335643e-02 -8.135541508295202409e-03 1.699935712453770620e+01 -3.019585311973520605e-02 -3.354653554822803474e-02 -2.481620642215444372e-02 -5.086159215540946715e-02 -9.246549810527628088e-02 -1.197102871409252978e-02 -2.310941752480823175e-02 -2.675992068699063341e-04 -3.308579509849080003e-02 -1.680050717009148528e-02 -1.862782341876461842e-02 -1.124897727482949451e-03
-8.919682175180502215e-01 -6.426066584937053516e-01 1.480038562510896050e+00 1.548594193336048752e+00 2.630906991511602344e-01 2.881608872984492642e+00 4.068305831004173645e-01 -3.019585311973520605e-02 -7.973771748207750143e+00 1.140103655718357034e+00 -9.781030931081803326e-01 -1.008374458014902997e+00 -4.215842812150259356e+00 1.148920387334922522e+00 -9.490969560273148087e-01 7.260079708996332142e-03 2.318726031431824985e+00 6.983998946551275289e-01 1.107369399326807669e+00 -3.666915039014752124e-03
-9.909454585769711388e-01 -7.139134975655938575e-01 1.644271021359884344e+00 1.720433926822029003e+00 2.922845549846136981e-01 3.201366562168234342e+00 4.519745331906082075e-01 -3.354653554822804168e-02 1.140103655718357478e+00 -7.733384757716163627e+00 -1.086638289459036288e+00 -1.120268715958662620e+00 -4.683653752147425742e+00 1.276410322403663811e+00 -1.054413486773661202e+00 8.065694354621044324e-03 2.576023433800288309e+00 7.758978294146767762e-01 1.230248629579452579e+00 -4.073814216172708461e-03
-6.834253152162306222e-01 -4.923646936245479888e-01 -6.255982987215157332e-01 -6.545761153124804999e-01 -6.206546844060880502e-02 -6.797975190359697439e-01 -2.535282619259484616e-01 -2.481620642215444372e-02 -9.781030931081802215e-01 -1.086638289459036288e+00 1.105643132455972477e+01 -1.857451405398390376e+00 -3.559580922111265977e+00 -3.308422811130684593e-01 -8.816078952598680463e-01 -8.808783082171912221e-03 -9.801035575749490469e-01 -5.344272207579985334e-01 -5.670102638169022269e-01 -3.965149943912636005e-02
-1.427847623688071943e+00 -1.028673861104026921e+00 -2.747166780666049912e-01 -2.874415999977580904e-01 2.500386719683199074e-02 2.738651187814102328e-01 -1.980710489430178300e-01 -5.086159215540946715e-02 -1.008374458014903219e+00 -1.120268715958662398e+00 -1.857451405398390376e+00 -2.442373028735689844e-01 -7.243606921002958998e+00 1.933572875382017636e-02 -1.751312043515190764e+00 -9.972388953930292829e-03 -4.303892674396612716e-01 -4.890797873294606135e-01 -3.542023010253912974e-01 -6.122772265685019755e-02
-2.530881655380903705e+00 -1.823340082825796404e+00 -2.908822506806095554e+00 -3.043559646069673441e+00 -3.185566174540548356e-01 -3.489122110227526719e+00 -1.129071442027995253e+00 -9.246549810527628088e-02 -4.215842812150259356e+00 -4.683653752147425742e+00 -3.559580922111265977e+00 -7.243606921002959886e+00 2.707208903930382604e+00 -1.632722482837046796e+00 -3.316755010031447792e+00 -3.745679723866840449e-02 -4.557153197348815077e+00 -2.338996421011635185e+00 -2.576062457826727492e+00 -1.592355657711603811e-01
-3.738370138122245612e-01 -2.693259126828442263e-01 1.337165207368208319e+00 1.399102920770117997e+00 2.176738715930095214e-01 2.384162426961786263e+00 4.007871650411730102e-01 -1.197102871409252978e-02 1.148920387334922300e+00 1.276410322403663811e+00 -3.308422811130684593e-01 1.933572875382019024e-02 -1.632722482837046796e+00 -1.402505239390650615e+01 -3.348738867630814409e-01 8.897711770612035109e-03 2.094891209719256686e+00 7.284388014235952946e-01 1.040777357443258611e+00 1.347247708012151712e-02
-6.353786192062070848e-01 -4.577500894623326988e-01 -6.212661650353710208e-01 -6.500433164780110573e-01 -6.364281985029035527e-02 -6.970741078040944005e-01 -2.484411205542418621e-01 -2.310941752480823522e-02 -9.490969560273149197e-01 -1.054413486773661424e+00 -8.816078952598680463e-01 -1.751312043515190764e+00 -3.316755010031447792e+00 -3.348738867630814409e-01 1.217689224906072276e+01 -8.513333374892606206e-03 -9.733165512062326163e-01 -5.209554858299491054e-01 -5.590428142825558666e-01 -3.769404857676700304e-02
-7.854742625045223539e-03 -5.658845026623652956e-03 1.126119904503566395e-02 1.178281964596804461e-02 2.051274013900763853e-03 2.246742062129218620e-02 3.013314136552374452e-03 -2.675992068699063341e-04 7.260079708996331274e-03 8.065694354621044324e-03 -8.808783082171910486e-03 -9.972388953930292829e-03 -3.745679723866840449e-02 8.897711770612035109e-03 -8.513333374892606206e-03 -7.999950540992405656e+00 1.764253718265343385e-02 5.073004935849282498e-03 8.326023237727610271e-03 -6.939550673906816911e-05
-1.009876550946685603e+00 -7.275521516907244024e-01 2.829380702724428431e+00 2.960438084493399735e+00 4.707295406850899866e-01 5.155858514157164230e+00 8.312141699224988578e-01 -3.308579509849080003e-02 2.318726031431824985e+00 2.576023433800288753e+00 -9.801035575749491580e-01 -4.303892674396612716e-01 -4.557153197348815077e+00 2.094891209719256686e+00 -9.733165512062328384e-01 1.764253718265343385e-02 -8.567305572695367744e+00 1.491973438865896950e+00 2.181819306479462650e+00 2.000405107419036752e-02
-4.997492975999348608e-01 -3.600377456372445550e-01 9.523239027941379220e-01 9.964357033644991590e-01 1.658468791669374942e-01 1.816506019050299514e+00 2.674790740234098130e-01 -1.680050717009148528e-02 6.983998946551276399e-01 7.758978294146767762e-01 -5.344272207579985334e-01 -4.890797873294606135e-01 -2.338996421011635185e+00 7.284388014235952946e-01 -5.209554858299491054e-01 5.073004935849282498e-03 1.491973438865896950e+00 -9.533883295059844443e+00 7.194526769530366073e-01 5.227730875898127126e-04
-5.631784071593585184e-01 -4.057344053888994884e-01 1.392651251698912240e+00 1.457159087844536183e+00 2.347614015116245012e-01 2.571320612293827246e+00 4.040478612182538676e-01 -1.862782341876461495e-02 1.107369399326807669e+00 1.230248629579452579e+00 -5.670102638169022269e-01 -3.542023010253912974e-01 -2.576062457826727936e+00 1.040777357443258611e+00 -5.590428142825558666e-01 8.326023237727613741e-03 2.181819306479462650e+00 7.194526769530366073e-01 -1.093225280195430216e+01 7.277789736569701719e-03
-3.208723827771206571e-02 -2.311682475336022946e-02 1.276854901997927054e-02 1.335999032087451660e-02 3.400038019465846228e-03 3.724031201782677936e-02 1.633677628843265700e-03 -1.124897727482949451e-03 -3.666915039014750390e-03 -4.073814216172706726e-03 -3.965149943912635311e-02 -6.122772265685019755e-02 -1.592355657711603811e-01 1.347247708012151365e-02 -3.769404857676700304e-02 -6.939550673906816911e-05 2.000405107419036405e-02 5.227730875898144473e-04 7.277789736569701719e-03 -2.000979334249890496e+00
